111111111111111111111111111111111111111111111111111111111111111111111111111111111111111111111111111111111111
111111111111111111110000000000011110000000100000001000000111000110100000000000011111111111111111111111111111
111111111111111111110000000000011100000000110111001000000111000111100000000000111111111111111111111111111111
111111111111111100000000000000011100000000100001001000000111001111000000000000111111111111111111111111111111
111111111111111100000000000000011100000000101110001000000111001110000000000000111111111111111111111111111111
111111111111111100000000000000011100000000100010000000000111010010000000000000111111000000000111111111111111
111111111111111100000000000000111100000000111010110000000111111100000000000000000000000000000111111111111111
111111111111111100000000000000111100000000000011000000000111111100000000000000000000000000000111111111111111
111111111111111100000000000000101100000000001100000000000111111000000000000000000000000000000111111111111111
111111111111111100000000000000111100000000011000000000000111111000000000000000000000000000000111111111111111
111111111111111100000000000000101020000000110000000000000111110000000000000000000000000000000111111111111111
111111111111111100000000000000111000000011000000000000000111110000000000000000000000000000000111111111111111
111111111111111110000000001111111000001111111111111111111111100000000000000000000000000000000110111111111111
111111111111111111111111110000000000000000000000000000000000000000000000000000000000000000000000000001111111
111111111111111111111111110000000000000000000000000000000000000000000000000000000000000000000000000000000011
111111111111111111111111110000000000000000000000000000000000000000000000000000000000000000000000000000000001
111111111111111111111111110000000000000000000000000000000000000000000000000000000000000000000000000000000001
111111111111111111111111110000000000000000000000000000000000000000000000000000000000000000000000000000000001
111111111111111000000000000000000000000000000000000000000000000000000000000000000000000000000000000000000001
111111111111111000000000000011111111111111111111111111111011000000000000000000000000000000000000000000000001
111111111111111000000000000011111111111111111111111111111111111111111111111111111111111111111111111111111111
111111111111111000000000000011111111111111111111111111111011111111111111111111110000000000000000003000000001
111111111111111000000000000011111111111111111111111111111011111111111111111111100000000000000000000000000001
111111111111111000000000000000000000000000000000000000111011111111111111111111100000000000000000000000000001
111111111111111000000000000000000000000000000000000000000000000000000000000000000000000000000000000000000001
111111111111110000000000000000000000000000000000000000000000000000000000000000000000000000000000000000000001
111111111111000000000000000000000000000000000000000000000000000000000000000000000000000000000000000000000001
111111111100000000000000000000000000000000000000000000000000000000000000000000000000000000000000000000000001
