(0, 0, 0, 'v')
(0, 2, 69, 'v')
(0, 3, 106, 'v')
(0, 14, 48, 'v')
(0, 18, 72, 'v')
(0, 19, 66, 'v')
(0, 23, 55, 'v')
(0, 25, 49, 'v')
(0, 26, 59, 'v')
(0, 30, 62, 'v')
(0, 31, 63, 'v')
(0, 34, 65, 'v')
(0, 36, 75, 'v')
(0, 42, 70, 'v')
(0, 50, 89, 'v')
(0, 56, 103, 'v')
(0, 61, 118, 'v')
(0, 66, 109, 'v')
(0, 71, 90, 'v')
(0, 72, 112, 'v')
(0, 73, 116, 'v')
(0, 76, 119, 'v')
(0, 77, 124, 'v')
(0, 78, 127, 'v')
(0, 94, 121, 'v')
(0, 96, 147, 'v')
(0, 99, 150, 'v')
(0, 102, 170, 'v')
(0, 104, 173, 'v')
(0, 112, 163, 'v')
(0, 122, 179, 'v')
(0, 124, 194, 'v')
(0, 126, 210, 'v')
(0, 127, 219, 'v')
(0, 130, 203, 'v')
(0, 131, 181, 'v')
(0, 133, 159, 'v')
(0, 134, 172, 'v')
(1, 1, 0, 'v')
(1, 2, 46, 'v')
(1, 7, 23, 'v')
(1, 8, 28, 'h')
(1, 10, 96, 'h')
(1, 11, 42, 'h')
(1, 12, 41, 'h')
(1, 13, 111, 'h')
(1, 14, 67, 'h')
(1, 17, 54, 'h')
(2, 0, 69, 'h')
(2, 1, 46, 'v')
(2, 2, 0, 'v')
(2, 3, 55, 'v')
(2, 14, 21, 'v')
(2, 30, 131, 'h')
(2, 31, 132, 'h')
(2, 34, 134, 'h')
(2, 42, 139, 'h')
(2, 131, 250, 'h')
(2, 133, 228, 'h')
(3, 0, 106, 'v')
(3, 2, 55, 'v')
(3, 3, 0, 'v')
(3, 14, 76, 'v')
(3, 18, 124, 'v')
(3, 19, 132, 'v')
(3, 23, 145, 'v')
(3, 25, 155, 'v')
(3, 26, 165, 'v')
(3, 30, 78, 'v')
(3, 31, 81, 'h')
(3, 34, 85, 'h')
(3, 42, 92, 'h')
(3, 131, 231, 'h')
(3, 133, 255, 'h')
(4, 3, 78, 'v')
(4, 4, 0, 'v')
(4, 5, 61, 'v')
(4, 15, 82, 'v')
(4, 16, 23, 'v')
(4, 21, 49, 'h')
(4, 27, 72, 'h')
(4, 45, 123, 'h')
(4, 137, 239, 'h')
(5, 4, 61, 'v')
(5, 5, 0, 'v')
(5, 6, 34, 'v')
(5, 15, 21, 'v')
(5, 16, 82, 'h')
(5, 21, 106, 'h')
(5, 27, 125, 'h')
(5, 45, 120, 'h')
(5, 137, 268, 'h')
(6, 5, 34, 'v')
(6, 6, 0, 'v')
(6, 9, 50, 'v')
(6, 15, 55, 'h')
(7, 1, 23, 'v')
(7, 7, 0, 'v')
(7, 8, 5, 'v')
(7, 10, 73, 'h')
(7, 11, 19, 'h')
(7, 12, 18, 'h')
(7, 13, 88, 'h')
(7, 17, 31, 'h')
(8, 1, 28, 'v')
(8, 7, 5, 'v')
(8, 8, 0, 'v')
(8, 10, 68, 'h')
(8, 11, 14, 'v')
(8, 12, 13, 'v')
(8, 13, 83, 'h')
(8, 17, 26, 'h')
(9, 6, 50, 'v')
(9, 9, 0, 'v')
(10, 1, 96, 'v')
(10, 7, 73, 'v')
(10, 8, 68, 'v')
(10, 10, 0, 'v')
(10, 11, 54, 'v')
(10, 13, 15, 'v')
(11, 1, 42, 'v')
(11, 7, 19, 'v')
(11, 8, 14, 'v')
(11, 10, 54, 'v')
(11, 11, 0, 'v')
(11, 12, 13, 'v')
(11, 17, 24, 'v')
(12, 1, 41, 'v')
(12, 7, 18, 'v')
(12, 8, 13, 'v')
(12, 11, 13, 'v')
(12, 12, 0, 'v')
(12, 17, 13, 'v')
(13, 1, 111, 'v')
(13, 7, 88, 'v')
(13, 8, 83, 'v')
(13, 10, 15, 'v')
(13, 13, 0, 'v')
(13, 22, 31, 'v')
(14, 0, 48, 'v')
(14, 1, 67, 'v')
(14, 2, 21, 'v')
(14, 3, 76, 'v')
(14, 14, 0, 'v')
(14, 18, 48, 'v')
(14, 19, 56, 'v')
(14, 23, 69, 'v')
(14, 25, 79, 'v')
(14, 26, 89, 'v')
(14, 30, 110, 'v')
(14, 31, 111, 'v')
(14, 34, 113, 'v')
(14, 36, 105, 'v')
(14, 42, 118, 'v')
(14, 50, 119, 'v')
(14, 56, 133, 'v')
(14, 61, 148, 'v')
(14, 66, 157, 'v')
(14, 71, 120, 'v')
(14, 72, 160, 'v')
(14, 73, 164, 'v')
(14, 76, 167, 'v')
(14, 77, 172, 'v')
(14, 78, 175, 'v')
(14, 94, 151, 'v')
(14, 96, 195, 'v')
(14, 99, 198, 'v')
(14, 102, 218, 'v')
(14, 104, 221, 'v')
(14, 112, 193, 'v')
(14, 122, 209, 'v')
(14, 124, 224, 'v')
(14, 126, 240, 'v')
(14, 127, 267, 'v')
(14, 130, 251, 'v')
(14, 131, 229, 'v')
(14, 133, 207, 'v')
(14, 134, 202, 'v')
(15, 4, 82, 'v')
(15, 5, 21, 'v')
(15, 6, 55, 'v')
(15, 15, 0, 'v')
(15, 16, 61, 'v')
(15, 20, 55, 'v')
(15, 21, 85, 'v')
(15, 27, 104, 'v')
(15, 29, 85, 'v')
(15, 45, 99, 'v')
(15, 46, 72, 'v')
(15, 137, 247, 'h')
(15, 140, 236, 'h')
(16, 4, 23, 'v')
(16, 5, 82, 'v')
(16, 15, 61, 'v')
(16, 16, 0, 'v')
(16, 20, 114, 'v')
(16, 21, 26, 'v')
(16, 27, 49, 'h')
(16, 45, 100, 'h')
(16, 46, 131, 'h')
(16, 137, 216, 'h')
(16, 140, 295, 'h')
(17, 1, 54, 'v')
(17, 7, 31, 'v')
(17, 8, 26, 'v')
(17, 11, 24, 'v')
(17, 12, 13, 'v')
(17, 17, 0, 'v')
(18, 0, 72, 'v')
(18, 3, 124, 'h')
(18, 14, 48, 'v')
(18, 18, 0, 'v')
(18, 19, 8, 'v')
(18, 23, 21, 'v')
(18, 25, 31, 'v')
(18, 26, 41, 'v')
(18, 30, 134, 'v')
(18, 31, 135, 'v')
(18, 34, 137, 'v')
(18, 36, 57, 'v')
(18, 42, 142, 'v')
(18, 50, 71, 'v')
(18, 56, 85, 'v')
(18, 61, 100, 'v')
(18, 71, 114, 'v')
(18, 131, 253, 'h')
(18, 133, 231, 'h')
(18, 134, 210, 'h')
(19, 0, 66, 'v')
(19, 3, 132, 'h')
(19, 14, 56, 'h')
(19, 18, 8, 'v')
(19, 19, 0, 'v')
(19, 23, 13, 'v')
(19, 25, 23, 'v')
(19, 26, 33, 'v')
(19, 30, 128, 'v')
(19, 31, 129, 'v')
(19, 34, 131, 'v')
(19, 36, 49, 'v')
(19, 42, 136, 'v')
(19, 50, 63, 'v')
(19, 56, 77, 'v')
(19, 61, 92, 'v')
(19, 71, 108, 'v')
(19, 131, 247, 'h')
(19, 133, 225, 'h')
(19, 134, 204, 'h')
(20, 15, 55, 'v')
(20, 16, 114, 'v')
(20, 20, 0, 'v')
(20, 21, 96, 'v')
(20, 27, 115, 'v')
(20, 29, 30, 'v')
(20, 45, 110, 'h')
(20, 46, 79, 'v')
(20, 53, 69, 'v')
(20, 59, 84, 'v')
(20, 62, 113, 'v')
(20, 68, 113, 'v')
(20, 69, 115, 'v')
(20, 74, 97, 'v')
(20, 86, 115, 'v')
(20, 95, 204, 'v')
(20, 97, 209, 'v')
(20, 103, 231, 'v')
(20, 105, 233, 'v')
(20, 108, 131, 'v')
(20, 112, 398, 'v')
(20, 121, 145, 'v')
(20, 122, 414, 'v')
(20, 123, 161, 'v')
(20, 124, 429, 'v')
(20, 125, 176, 'v')
(20, 128, 271, 'v')
(20, 129, 180, 'v')
(20, 136, 276, 'v')
(20, 137, 258, 'v')
(20, 139, 202, 'v')
(20, 140, 217, 'v')
(20, 141, 205, 'v')
(20, 142, 201, 'v')
(21, 4, 49, 'v')
(21, 5, 106, 'v')
(21, 15, 85, 'v')
(21, 16, 26, 'v')
(21, 20, 96, 'v')
(21, 21, 0, 'v')
(21, 27, 23, 'v')
(21, 29, 118, 'h')
(21, 45, 74, 'h')
(21, 46, 105, 'h')
(21, 137, 190, 'h')
(21, 140, 269, 'h')
(21, 142, 289, 'h')
(22, 13, 31, 'v')
(22, 22, 0, 'v')
(22, 24, 18, 'v')
(22, 28, 28, 'v')
(22, 32, 38, 'v')
(22, 43, 47, 'v')
(22, 52, 59, 'v')
(22, 57, 66, 'v')
(22, 60, 75, 'v')
(22, 75, 85, 'v')
(22, 82, 94, 'v')
(22, 88, 102, 'v')
(22, 106, 111, 'v')
(23, 0, 55, 'v')
(23, 3, 145, 'h')
(23, 14, 69, 'h')
(23, 18, 21, 'h')
(23, 19, 13, 'v')
(23, 23, 0, 'v')
(23, 25, 10, 'v')
(23, 26, 20, 'v')
(23, 30, 117, 'v')
(23, 31, 118, 'v')
(23, 34, 120, 'v')
(23, 36, 36, 'v')
(23, 42, 125, 'v')
(23, 50, 50, 'v')
(23, 56, 64, 'v')
(23, 61, 79, 'v')
(23, 71, 97, 'v')
(23, 131, 236, 'h')
(23, 133, 214, 'h')
(23, 134, 193, 'h')
(24, 22, 18, 'v')
(24, 24, 0, 'v')
(24, 28, 12, 'v')
(24, 32, 24, 'h')
(24, 43, 35, 'h')
(24, 52, 49, 'h')
(24, 57, 58, 'h')
(24, 60, 69, 'h')
(24, 75, 81, 'h')
(24, 82, 92, 'h')
(24, 88, 102, 'h')
(24, 106, 113, 'h')
(25, 0, 49, 'v')
(25, 3, 155, 'h')
(25, 14, 79, 'h')
(25, 18, 31, 'h')
(25, 19, 23, 'h')
(25, 23, 10, 'v')
(25, 25, 0, 'v')
(25, 26, 10, 'v')
(25, 30, 109, 'v')
(25, 31, 110, 'v')
(25, 34, 112, 'v')
(25, 36, 26, 'v')
(25, 42, 117, 'v')
(25, 50, 40, 'v')
(25, 56, 54, 'v')
(25, 61, 69, 'v')
(25, 71, 89, 'v')
(25, 131, 228, 'h')
(25, 133, 206, 'h')
(25, 134, 185, 'h')
(26, 0, 59, 'h')
(26, 3, 165, 'h')
(26, 14, 89, 'h')
(26, 18, 41, 'h')
(26, 19, 33, 'h')
(26, 23, 20, 'h')
(26, 25, 10, 'v')
(26, 26, 0, 'v')
(26, 30, 101, 'v')
(26, 31, 102, 'v')
(26, 34, 104, 'v')
(26, 36, 16, 'v')
(26, 42, 109, 'v')
(26, 50, 30, 'v')
(26, 56, 44, 'v')
(26, 61, 59, 'v')
(26, 71, 81, 'v')
(26, 131, 220, 'h')
(26, 133, 198, 'h')
(26, 134, 177, 'h')
(27, 4, 72, 'v')
(27, 5, 125, 'v')
(27, 15, 104, 'v')
(27, 16, 49, 'v')
(27, 20, 115, 'v')
(27, 21, 23, 'v')
(27, 27, 0, 'v')
(27, 29, 95, 'v')
(27, 45, 51, 'v')
(27, 46, 82, 'h')
(27, 67, 87, 'v')
(27, 74, 162, 'v')
(27, 86, 180, 'v')
(27, 95, 89, 'v')
(27, 137, 167, 'h')
(27, 140, 246, 'h')
(27, 142, 266, 'h')
(28, 22, 28, 'v')
(28, 24, 12, 'v')
(28, 28, 0, 'v')
(28, 32, 12, 'v')
(28, 43, 23, 'h')
(28, 52, 37, 'h')
(28, 57, 46, 'h')
(28, 60, 57, 'h')
(28, 75, 69, 'h')
(28, 82, 80, 'h')
(28, 88, 90, 'h')
(28, 106, 101, 'h')
(29, 15, 85, 'h')
(29, 20, 30, 'v')
(29, 21, 118, 'v')
(29, 27, 95, 'v')
(29, 29, 0, 'v')
(29, 45, 84, 'h')
(29, 46, 53, 'v')
(29, 53, 39, 'v')
(29, 59, 54, 'v')
(29, 62, 87, 'v')
(29, 68, 87, 'v')
(29, 69, 89, 'v')
(29, 74, 67, 'v')
(29, 86, 85, 'v')
(29, 95, 178, 'v')
(29, 97, 183, 'v')
(29, 103, 205, 'v')
(29, 105, 207, 'v')
(29, 108, 101, 'v')
(29, 112, 372, 'v')
(29, 121, 115, 'v')
(29, 122, 388, 'v')
(29, 123, 131, 'v')
(29, 124, 403, 'v')
(29, 125, 146, 'v')
(29, 128, 245, 'v')
(29, 129, 150, 'v')
(29, 136, 250, 'v')
(29, 137, 232, 'v')
(29, 139, 172, 'v')
(29, 140, 191, 'v')
(29, 141, 175, 'v')
(29, 142, 175, 'v')
(30, 0, 62, 'v')
(30, 2, 131, 'v')
(30, 3, 78, 'v')
(30, 14, 110, 'v')
(30, 18, 134, 'v')
(30, 19, 128, 'v')
(30, 23, 117, 'v')
(30, 25, 109, 'v')
(30, 26, 101, 'v')
(30, 30, 0, 'v')
(30, 31, 3, 'v')
(30, 34, 7, 'h')
(30, 36, 103, 'h')
(30, 42, 14, 'h')
(30, 71, 118, 'h')
(30, 131, 153, 'h')
(30, 133, 177, 'h')
(30, 134, 200, 'h')
(31, 0, 63, 'v')
(31, 2, 132, 'v')
(31, 3, 81, 'v')
(31, 14, 111, 'v')
(31, 18, 135, 'v')
(31, 19, 129, 'v')
(31, 23, 118, 'v')
(31, 25, 110, 'v')
(31, 26, 102, 'v')
(31, 30, 3, 'v')
(31, 31, 0, 'v')
(31, 34, 4, 'v')
(31, 36, 100, 'h')
(31, 42, 11, 'h')
(31, 71, 115, 'h')
(31, 131, 150, 'h')
(31, 133, 174, 'h')
(31, 134, 197, 'h')
(32, 22, 38, 'v')
(32, 24, 24, 'v')
(32, 28, 12, 'v')
(32, 32, 0, 'v')
(32, 43, 11, 'v')
(32, 52, 25, 'h')
(32, 57, 34, 'h')
(32, 60, 45, 'h')
(32, 75, 57, 'h')
(32, 82, 68, 'h')
(32, 88, 78, 'h')
(32, 106, 89, 'h')
(33, 33, 0, 'v')
(33, 35, 2, 'v')
(33, 37, 4, 'v')
(33, 38, 4, 'v')
(33, 39, 6, 'v')
(33, 40, 8, 'v')
(33, 41, 10, 'v')
(33, 44, 17, 'v')
(33, 47, 14, 'v')
(33, 48, 29, 'v')
(33, 49, 31, 'v')
(33, 51, 34, 'v')
(33, 54, 27, 'v')
(33, 55, 43, 'v')
(33, 58, 40, 'v')
(33, 64, 57, 'v')
(33, 70, 49, 'v')
(33, 79, 62, 'v')
(33, 80, 70, 'v')
(33, 85, 73, 'v')
(33, 92, 85, 'v')
(33, 98, 83, 'v')
(33, 116, 94, 'v')
(33, 117, 93, 'v')
(33, 118, 88, 'v')
(34, 0, 65, 'v')
(34, 2, 134, 'v')
(34, 3, 85, 'v')
(34, 14, 113, 'v')
(34, 18, 137, 'v')
(34, 19, 131, 'v')
(34, 23, 120, 'v')
(34, 25, 112, 'v')
(34, 26, 104, 'v')
(34, 30, 7, 'v')
(34, 31, 4, 'v')
(34, 34, 0, 'v')
(34, 36, 96, 'v')
(34, 42, 7, 'v')
(34, 71, 111, 'h')
(34, 131, 146, 'h')
(34, 133, 170, 'h')
(34, 134, 193, 'h')
(35, 33, 2, 'v')
(35, 35, 0, 'v')
(35, 37, 2, 'v')
(35, 38, 4, 'v')
(35, 39, 4, 'v')
(35, 40, 6, 'v')
(35, 41, 8, 'v')
(35, 44, 15, 'v')
(35, 47, 14, 'v')
(35, 48, 27, 'v')
(35, 49, 29, 'v')
(35, 51, 32, 'v')
(35, 54, 27, 'v')
(35, 55, 41, 'v')
(35, 58, 40, 'v')
(35, 64, 55, 'v')
(35, 70, 49, 'v')
(35, 79, 62, 'v')
(35, 80, 68, 'v')
(35, 85, 73, 'v')
(35, 92, 83, 'v')
(35, 98, 83, 'v')
(35, 116, 94, 'v')
(35, 117, 93, 'v')
(35, 118, 86, 'v')
(35, 119, 99, 'v')
(36, 0, 75, 'h')
(36, 14, 105, 'h')
(36, 18, 57, 'h')
(36, 19, 49, 'h')
(36, 23, 36, 'h')
(36, 25, 26, 'h')
(36, 26, 16, 'v')
(36, 30, 103, 'v')
(36, 31, 100, 'v')
(36, 34, 96, 'v')
(36, 36, 0, 'v')
(36, 42, 95, 'v')
(36, 50, 14, 'v')
(36, 56, 28, 'v')
(36, 61, 43, 'v')
(36, 71, 67, 'v')
(36, 131, 206, 'h')
(36, 133, 184, 'h')
(36, 134, 163, 'h')
(37, 33, 4, 'h')
(37, 35, 2, 'v')
(37, 37, 0, 'v')
(37, 38, 4, 'v')
(37, 39, 2, 'v')
(37, 40, 4, 'v')
(37, 41, 6, 'v')
(37, 44, 13, 'v')
(37, 47, 14, 'v')
(37, 48, 25, 'v')
(37, 49, 27, 'v')
(37, 51, 30, 'v')
(37, 54, 27, 'v')
(37, 55, 39, 'v')
(37, 58, 40, 'v')
(37, 64, 53, 'v')
(37, 70, 49, 'v')
(37, 79, 62, 'v')
(37, 80, 66, 'v')
(37, 85, 73, 'v')
(37, 92, 81, 'v')
(37, 98, 83, 'v')
(37, 116, 94, 'v')
(37, 117, 93, 'v')
(37, 118, 86, 'v')
(37, 119, 97, 'v')
(37, 120, 92, 'v')
(38, 33, 4, 'v')
(38, 35, 4, 'v')
(38, 37, 4, 'v')
(38, 38, 0, 'v')
(38, 39, 4, 'v')
(38, 40, 6, 'v')
(38, 41, 8, 'v')
(38, 44, 15, 'v')
(38, 47, 10, 'v')
(38, 48, 27, 'v')
(38, 49, 29, 'v')
(38, 51, 32, 'v')
(38, 54, 23, 'v')
(38, 55, 41, 'v')
(38, 58, 36, 'v')
(38, 64, 55, 'v')
(38, 70, 45, 'v')
(38, 79, 58, 'v')
(38, 80, 68, 'v')
(38, 85, 69, 'v')
(38, 92, 83, 'v')
(38, 98, 79, 'v')
(38, 116, 90, 'v')
(38, 117, 89, 'v')
(38, 118, 86, 'v')
(39, 33, 6, 'h')
(39, 35, 4, 'h')
(39, 37, 2, 'v')
(39, 38, 4, 'v')
(39, 39, 0, 'v')
(39, 40, 2, 'v')
(39, 41, 4, 'v')
(39, 44, 11, 'v')
(39, 47, 14, 'v')
(39, 48, 23, 'v')
(39, 49, 25, 'v')
(39, 51, 28, 'v')
(39, 54, 27, 'v')
(39, 55, 37, 'v')
(39, 58, 40, 'v')
(39, 64, 51, 'v')
(39, 70, 49, 'v')
(39, 79, 62, 'v')
(39, 80, 64, 'v')
(39, 85, 73, 'v')
(39, 92, 79, 'v')
(39, 98, 83, 'v')
(39, 116, 94, 'v')
(39, 117, 93, 'v')
(39, 118, 86, 'v')
(39, 119, 95, 'v')
(39, 120, 90, 'v')
(40, 33, 8, 'h')
(40, 35, 6, 'h')
(40, 37, 4, 'h')
(40, 38, 6, 'h')
(40, 39, 2, 'v')
(40, 40, 0, 'v')
(40, 41, 2, 'v')
(40, 44, 9, 'v')
(40, 47, 14, 'v')
(40, 48, 21, 'v')
(40, 49, 23, 'v')
(40, 51, 26, 'v')
(40, 54, 27, 'v')
(40, 55, 35, 'v')
(40, 58, 40, 'v')
(40, 64, 49, 'v')
(40, 70, 49, 'v')
(40, 79, 62, 'v')
(40, 80, 62, 'v')
(40, 85, 73, 'v')
(40, 92, 77, 'v')
(40, 98, 83, 'v')
(40, 116, 94, 'v')
(40, 117, 93, 'v')
(40, 118, 86, 'v')
(40, 119, 93, 'v')
(40, 120, 88, 'v')
(41, 33, 10, 'h')
(41, 35, 8, 'h')
(41, 37, 6, 'h')
(41, 38, 8, 'h')
(41, 39, 4, 'h')
(41, 40, 2, 'v')
(41, 41, 0, 'v')
(41, 44, 7, 'v')
(41, 47, 14, 'v')
(41, 48, 19, 'v')
(41, 49, 21, 'v')
(41, 51, 24, 'v')
(41, 54, 27, 'v')
(41, 55, 33, 'v')
(41, 58, 40, 'v')
(41, 64, 47, 'v')
(41, 70, 49, 'v')
(41, 79, 62, 'v')
(41, 80, 60, 'v')
(41, 85, 73, 'v')
(41, 92, 75, 'v')
(41, 98, 83, 'v')
(41, 116, 94, 'v')
(41, 117, 93, 'v')
(41, 118, 86, 'v')
(41, 119, 91, 'v')
(41, 120, 86, 'v')
(42, 0, 70, 'v')
(42, 2, 139, 'v')
(42, 3, 92, 'v')
(42, 14, 118, 'v')
(42, 18, 142, 'v')
(42, 19, 136, 'v')
(42, 23, 125, 'v')
(42, 25, 117, 'v')
(42, 26, 109, 'v')
(42, 30, 14, 'v')
(42, 31, 11, 'v')
(42, 34, 7, 'v')
(42, 36, 95, 'v')
(42, 42, 0, 'v')
(42, 50, 103, 'v')
(42, 56, 117, 'v')
(42, 61, 132, 'v')
(42, 66, 39, 'v')
(42, 71, 104, 'v')
(42, 131, 139, 'h')
(42, 133, 163, 'h')
(42, 134, 186, 'h')
(43, 22, 47, 'v')
(43, 24, 35, 'v')
(43, 28, 23, 'v')
(43, 32, 11, 'v')
(43, 43, 0, 'v')
(43, 52, 14, 'v')
(43, 57, 23, 'h')
(43, 60, 34, 'h')
(43, 75, 46, 'h')
(43, 82, 57, 'h')
(43, 88, 67, 'h')
(43, 106, 78, 'h')
(44, 33, 17, 'h')
(44, 35, 15, 'h')
(44, 37, 13, 'h')
(44, 38, 15, 'h')
(44, 39, 11, 'h')
(44, 40, 9, 'h')
(44, 41, 7, 'v')
(44, 44, 0, 'v')
(44, 47, 15, 'v')
(44, 48, 12, 'v')
(44, 49, 14, 'v')
(44, 51, 17, 'v')
(44, 54, 28, 'v')
(44, 55, 26, 'v')
(44, 58, 41, 'v')
(44, 64, 40, 'v')
(44, 70, 50, 'v')
(44, 79, 63, 'v')
(44, 80, 53, 'v')
(44, 85, 74, 'v')
(44, 92, 68, 'v')
(44, 98, 84, 'v')
(44, 116, 95, 'v')
(44, 117, 94, 'v')
(44, 118, 87, 'v')
(44, 119, 84, 'v')
(44, 120, 81, 'v')
(45, 4, 123, 'v')
(45, 5, 120, 'v')
(45, 15, 99, 'v')
(45, 16, 100, 'v')
(45, 20, 110, 'v')
(45, 21, 74, 'v')
(45, 27, 51, 'v')
(45, 29, 84, 'v')
(45, 45, 0, 'v')
(45, 46, 31, 'v')
(45, 62, 65, 'h')
(45, 67, 36, 'v')
(45, 68, 65, 'h')
(45, 69, 67, 'v')
(45, 95, 94, 'h')
(45, 137, 148, 'h')
(46, 15, 72, 'v')
(46, 16, 131, 'v')
(46, 20, 79, 'v')
(46, 21, 105, 'v')
(46, 27, 82, 'v')
(46, 29, 53, 'v')
(46, 45, 31, 'v')
(46, 46, 0, 'v')
(46, 53, 52, 'v')
(46, 59, 67, 'v')
(46, 62, 34, 'v')
(46, 67, 67, 'h')
(46, 68, 34, 'v')
(46, 140, 164, 'h')
(46, 142, 184, 'h')
(46, 145, 35, 'v')
(47, 33, 14, 'h')
(47, 35, 14, 'h')
(47, 37, 14, 'h')
(47, 38, 10, 'v')
(47, 39, 14, 'h')
(47, 40, 14, 'v')
(47, 41, 14, 'v')
(47, 44, 15, 'v')
(47, 47, 0, 'v')
(47, 48, 19, 'v')
(47, 49, 21, 'v')
(47, 51, 24, 'v')
(47, 54, 13, 'v')
(47, 55, 33, 'v')
(47, 58, 26, 'v')
(47, 64, 47, 'v')
(47, 70, 35, 'v')
(47, 79, 48, 'v')
(47, 80, 60, 'v')
(47, 85, 59, 'v')
(47, 92, 75, 'v')
(47, 98, 69, 'v')
(47, 116, 80, 'v')
(47, 117, 79, 'v')
(47, 118, 78, 'v')
(47, 119, 91, 'h')
(47, 120, 86, 'h')
(48, 33, 29, 'h')
(48, 35, 27, 'h')
(48, 37, 25, 'h')
(48, 38, 27, 'h')
(48, 39, 23, 'h')
(48, 40, 21, 'h')
(48, 41, 19, 'h')
(48, 44, 12, 'v')
(48, 47, 19, 'v')
(48, 48, 0, 'v')
(48, 49, 2, 'v')
(48, 51, 5, 'v')
(48, 54, 30, 'v')
(48, 55, 14, 'v')
(48, 58, 43, 'v')
(48, 64, 28, 'v')
(48, 70, 52, 'v')
(48, 80, 41, 'v')
(48, 92, 58, 'h')
(48, 118, 89, 'h')
(48, 119, 76, 'h')
(48, 120, 83, 'h')
(49, 33, 31, 'h')
(49, 35, 29, 'h')
(49, 37, 27, 'h')
(49, 38, 29, 'h')
(49, 39, 25, 'h')
(49, 40, 23, 'h')
(49, 41, 21, 'h')
(49, 44, 14, 'h')
(49, 47, 21, 'h')
(49, 48, 2, 'v')
(49, 49, 0, 'v')
(49, 51, 3, 'v')
(49, 54, 30, 'v')
(49, 55, 12, 'v')
(49, 58, 43, 'v')
(49, 64, 26, 'v')
(49, 80, 41, 'h')
(49, 92, 58, 'h')
(49, 118, 89, 'h')
(49, 119, 76, 'h')
(49, 120, 83, 'h')
(50, 0, 89, 'h')
(50, 14, 119, 'h')
(50, 18, 71, 'h')
(50, 19, 63, 'h')
(50, 23, 50, 'h')
(50, 25, 40, 'h')
(50, 26, 30, 'h')
(50, 36, 14, 'v')
(50, 42, 103, 'v')
(50, 50, 0, 'v')
(50, 56, 14, 'v')
(50, 61, 29, 'v')
(50, 66, 122, 'h')
(50, 71, 55, 'v')
(50, 131, 194, 'h')
(50, 133, 172, 'h')
(50, 134, 151, 'h')
(51, 33, 34, 'h')
(51, 35, 32, 'h')
(51, 37, 30, 'h')
(51, 38, 32, 'h')
(51, 39, 28, 'h')
(51, 40, 26, 'h')
(51, 41, 24, 'h')
(51, 44, 17, 'h')
(51, 47, 24, 'h')
(51, 48, 5, 'h')
(51, 49, 3, 'v')
(51, 51, 0, 'v')
(51, 54, 29, 'v')
(51, 55, 9, 'v')
(51, 64, 25, 'h')
(51, 80, 40, 'h')
(51, 92, 57, 'h')
(51, 118, 88, 'h')
(51, 119, 75, 'h')
(51, 120, 82, 'h')
(52, 22, 59, 'v')
(52, 24, 49, 'v')
(52, 28, 37, 'v')
(52, 32, 25, 'v')
(52, 43, 14, 'v')
(52, 52, 0, 'v')
(52, 57, 9, 'v')
(52, 60, 20, 'h')
(52, 75, 32, 'h')
(52, 82, 43, 'h')
(52, 88, 53, 'h')
(52, 106, 64, 'h')
(53, 20, 69, 'h')
(53, 29, 39, 'v')
(53, 46, 52, 'v')
(53, 53, 0, 'v')
(53, 59, 15, 'v')
(53, 62, 54, 'v')
(53, 68, 54, 'v')
(53, 69, 56, 'v')
(53, 74, 28, 'v')
(53, 86, 46, 'v')
(53, 95, 145, 'v')
(53, 97, 150, 'v')
(53, 103, 172, 'v')
(53, 105, 174, 'v')
(53, 108, 62, 'v')
(53, 112, 339, 'v')
(53, 121, 76, 'v')
(53, 122, 355, 'v')
(53, 123, 92, 'v')
(53, 124, 370, 'v')
(53, 125, 107, 'v')
(53, 128, 212, 'v')
(53, 129, 111, 'v')
(53, 136, 217, 'v')
(53, 137, 199, 'v')
(53, 139, 133, 'v')
(53, 140, 158, 'v')
(53, 141, 136, 'v')
(53, 142, 142, 'h')
(54, 33, 27, 'h')
(54, 35, 27, 'h')
(54, 37, 27, 'h')
(54, 38, 23, 'h')
(54, 39, 27, 'h')
(54, 40, 27, 'h')
(54, 41, 27, 'h')
(54, 44, 28, 'h')
(54, 47, 13, 'v')
(54, 48, 30, 'v')
(54, 49, 30, 'v')
(54, 51, 29, 'v')
(54, 54, 0, 'v')
(54, 55, 22, 'v')
(54, 58, 13, 'v')
(54, 64, 36, 'v')
(54, 70, 22, 'v')
(54, 79, 35, 'v')
(54, 80, 49, 'v')
(54, 85, 46, 'v')
(54, 92, 64, 'v')
(54, 98, 56, 'v')
(54, 116, 67, 'v')
(54, 117, 66, 'v')
(54, 118, 67, 'v')
(54, 119, 80, 'h')
(54, 120, 75, 'h')
(55, 33, 43, 'h')
(55, 35, 41, 'h')
(55, 37, 39, 'h')
(55, 38, 41, 'h')
(55, 39, 37, 'h')
(55, 40, 35, 'h')
(55, 41, 33, 'h')
(55, 44, 26, 'h')
(55, 47, 33, 'h')
(55, 48, 14, 'h')
(55, 49, 12, 'h')
(55, 51, 9, 'v')
(55, 54, 22, 'v')
(55, 55, 0, 'v')
(55, 58, 33, 'v')
(55, 64, 16, 'v')
(55, 80, 31, 'h')
(55, 92, 48, 'h')
(55, 118, 79, 'h')
(55, 119, 66, 'h')
(55, 120, 73, 'h')
(56, 0, 103, 'h')
(56, 14, 133, 'h')
(56, 18, 85, 'h')
(56, 19, 77, 'h')
(56, 23, 64, 'h')
(56, 25, 54, 'h')
(56, 26, 44, 'h')
(56, 36, 28, 'h')
(56, 42, 117, 'h')
(56, 50, 14, 'v')
(56, 56, 0, 'v')
(56, 61, 15, 'v')
(56, 66, 110, 'h')
(56, 71, 43, 'v')
(56, 131, 182, 'h')
(56, 133, 160, 'h')
(56, 134, 139, 'h')
(57, 22, 66, 'v')
(57, 24, 58, 'v')
(57, 28, 46, 'v')
(57, 32, 34, 'v')
(57, 43, 23, 'v')
(57, 52, 9, 'v')
(57, 57, 0, 'v')
(57, 60, 11, 'v')
(57, 75, 23, 'h')
(57, 82, 34, 'h')
(57, 88, 44, 'h')
(57, 106, 55, 'h')
(58, 33, 40, 'h')
(58, 35, 40, 'h')
(58, 37, 40, 'h')
(58, 38, 36, 'h')
(58, 39, 40, 'h')
(58, 40, 40, 'h')
(58, 41, 40, 'h')
(58, 44, 41, 'h')
(58, 47, 26, 'h')
(58, 48, 43, 'h')
(58, 49, 43, 'h')
(58, 54, 13, 'v')
(58, 55, 33, 'v')
(58, 58, 0, 'v')
(58, 64, 25, 'v')
(58, 70, 9, 'v')
(58, 79, 22, 'v')
(58, 80, 38, 'v')
(58, 85, 33, 'v')
(58, 92, 53, 'v')
(58, 98, 43, 'v')
(58, 116, 54, 'v')
(58, 117, 53, 'v')
(58, 118, 56, 'v')
(58, 119, 69, 'h')
(58, 120, 64, 'h')
(59, 20, 84, 'h')
(59, 29, 54, 'h')
(59, 46, 67, 'h')
(59, 53, 15, 'v')
(59, 59, 0, 'v')
(59, 62, 41, 'v')
(59, 68, 41, 'v')
(59, 69, 43, 'v')
(59, 74, 13, 'v')
(59, 86, 31, 'v')
(59, 95, 132, 'v')
(59, 97, 137, 'v')
(59, 103, 159, 'v')
(59, 105, 161, 'v')
(59, 108, 47, 'v')
(59, 112, 326, 'v')
(59, 121, 61, 'v')
(59, 122, 342, 'v')
(59, 123, 77, 'v')
(59, 124, 357, 'v')
(59, 125, 92, 'v')
(59, 128, 199, 'v')
(59, 129, 96, 'v')
(59, 136, 204, 'v')
(59, 137, 186, 'v')
(59, 139, 118, 'v')
(59, 140, 145, 'v')
(59, 141, 123, 'v')
(59, 142, 129, 'h')
(60, 22, 75, 'v')
(60, 24, 69, 'v')
(60, 28, 57, 'v')
(60, 32, 45, 'v')
(60, 43, 34, 'v')
(60, 52, 20, 'v')
(60, 57, 11, 'v')
(60, 60, 0, 'v')
(60, 75, 12, 'v')
(60, 82, 23, 'h')
(60, 88, 33, 'h')
(60, 106, 44, 'h')
(61, 0, 118, 'h')
(61, 14, 148, 'h')
(61, 18, 100, 'h')
(61, 19, 92, 'h')
(61, 23, 79, 'h')
(61, 25, 69, 'h')
(61, 26, 59, 'h')
(61, 36, 43, 'h')
(61, 42, 132, 'h')
(61, 50, 29, 'h')
(61, 56, 15, 'v')
(61, 61, 0, 'v')
(61, 66, 97, 'h')
(61, 71, 30, 'v')
(61, 131, 169, 'h')
(61, 133, 147, 'h')
(61, 134, 126, 'h')
(62, 20, 113, 'h')
(62, 29, 87, 'h')
(62, 45, 65, 'v')
(62, 46, 34, 'v')
(62, 53, 54, 'v')
(62, 59, 41, 'v')
(62, 62, 0, 'v')
(62, 67, 33, 'v')
(62, 68, 0, 'v')
(62, 69, 2, 'v')
(62, 74, 46, 'h')
(62, 140, 130, 'h')
(62, 141, 154, 'h')
(62, 142, 150, 'h')
(62, 145, 1, 'v')
(63, 63, 0, 'v')
(63, 65, 3, 'v')
(63, 81, 24, 'v')
(63, 83, 52, 'v')
(63, 84, 55, 'v')
(63, 87, 51, 'v')
(63, 90, 54, 'v')
(63, 91, 50, 'v')
(63, 100, 49, 'v')
(63, 101, 49, 'v')
(63, 107, 50, 'v')
(63, 109, 48, 'v')
(63, 110, 48, 'v')
(63, 111, 40, 'v')
(63, 113, 43, 'v')
(63, 115, 46, 'h')
(64, 33, 57, 'h')
(64, 35, 55, 'h')
(64, 37, 53, 'h')
(64, 38, 55, 'h')
(64, 39, 51, 'h')
(64, 40, 49, 'h')
(64, 41, 47, 'h')
(64, 44, 40, 'h')
(64, 47, 47, 'h')
(64, 48, 28, 'h')
(64, 49, 26, 'v')
(64, 51, 25, 'v')
(64, 54, 36, 'v')
(64, 55, 16, 'v')
(64, 58, 25, 'v')
(64, 64, 0, 'v')
(64, 70, 26, 'v')
(64, 80, 15, 'v')
(64, 92, 32, 'h')
(64, 118, 63, 'h')
(64, 119, 50, 'h')
(64, 120, 57, 'h')
(65, 63, 3, 'v')
(65, 65, 0, 'v')
(65, 81, 25, 'v')
(65, 83, 53, 'v')
(65, 84, 56, 'v')
(65, 87, 52, 'v')
(65, 90, 55, 'v')
(65, 91, 51, 'v')
(65, 100, 50, 'v')
(65, 101, 50, 'v')
(65, 107, 51, 'v')
(65, 109, 49, 'v')
(65, 111, 39, 'v')
(65, 113, 44, 'h')
(65, 115, 47, 'h')
(66, 0, 109, 'h')
(66, 14, 157, 'h')
(66, 42, 39, 'v')
(66, 50, 122, 'v')
(66, 56, 110, 'v')
(66, 61, 97, 'v')
(66, 66, 0, 'v')
(66, 71, 67, 'v')
(66, 72, 3, 'v')
(66, 73, 7, 'v')
(66, 76, 10, 'v')
(66, 77, 15, 'v')
(66, 78, 18, 'v')
(66, 94, 96, 'v')
(66, 96, 38, 'v')
(66, 99, 41, 'v')
(66, 102, 61, 'v')
(66, 104, 64, 'v')
(66, 112, 138, 'v')
(66, 122, 154, 'v')
(66, 124, 169, 'v')
(66, 126, 185, 'v')
(66, 127, 110, 'v')
(66, 130, 94, 'v')
(66, 131, 100, 'v')
(66, 133, 124, 'h')
(66, 134, 147, 'h')
(67, 27, 87, 'h')
(67, 45, 36, 'v')
(67, 46, 67, 'v')
(67, 62, 33, 'h')
(67, 67, 0, 'v')
(67, 68, 33, 'h')
(67, 69, 31, 'v')
(67, 74, 75, 'v')
(67, 86, 93, 'v')
(67, 95, 58, 'v')
(67, 97, 63, 'v')
(67, 103, 85, 'v')
(67, 105, 87, 'v')
(67, 108, 109, 'v')
(67, 112, 252, 'v')
(67, 121, 123, 'v')
(67, 122, 268, 'v')
(67, 123, 139, 'v')
(67, 124, 283, 'v')
(67, 125, 154, 'v')
(67, 128, 125, 'v')
(67, 129, 158, 'v')
(67, 136, 130, 'v')
(67, 137, 112, 'v')
(67, 139, 180, 'v')
(67, 140, 159, 'v')
(68, 20, 113, 'h')
(68, 29, 87, 'h')
(68, 45, 65, 'v')
(68, 46, 34, 'v')
(68, 53, 54, 'v')
(68, 59, 41, 'v')
(68, 62, 0, 'v')
(68, 67, 33, 'v')
(68, 68, 0, 'v')
(68, 69, 2, 'v')
(68, 74, 46, 'h')
(68, 140, 130, 'h')
(68, 141, 154, 'h')
(68, 142, 150, 'h')
(68, 145, 1, 'v')
(69, 20, 115, 'h')
(69, 29, 89, 'h')
(69, 45, 67, 'h')
(69, 53, 56, 'h')
(69, 59, 43, 'h')
(69, 62, 2, 'v')
(69, 67, 31, 'v')
(69, 68, 2, 'v')
(69, 69, 0, 'v')
(69, 74, 44, 'v')
(69, 86, 62, 'v')
(69, 95, 89, 'v')
(69, 97, 94, 'v')
(69, 103, 116, 'v')
(69, 105, 118, 'v')
(69, 108, 78, 'v')
(69, 112, 283, 'v')
(69, 121, 92, 'v')
(69, 122, 299, 'v')
(69, 123, 108, 'v')
(69, 124, 314, 'v')
(69, 125, 123, 'v')
(69, 128, 156, 'v')
(69, 129, 127, 'v')
(69, 136, 161, 'v')
(69, 137, 143, 'v')
(69, 139, 149, 'v')
(69, 140, 128, 'v')
(69, 141, 152, 'h')
(69, 142, 148, 'h')
(69, 145, 3, 'v')
(70, 33, 49, 'h')
(70, 35, 49, 'h')
(70, 37, 49, 'h')
(70, 38, 45, 'h')
(70, 39, 49, 'h')
(70, 40, 49, 'h')
(70, 41, 49, 'h')
(70, 44, 50, 'h')
(70, 47, 35, 'h')
(70, 48, 52, 'h')
(70, 54, 22, 'h')
(70, 58, 9, 'v')
(70, 64, 26, 'v')
(70, 70, 0, 'v')
(70, 79, 13, 'v')
(70, 80, 31, 'v')
(70, 85, 24, 'v')
(70, 92, 46, 'v')
(70, 98, 34, 'v')
(70, 116, 45, 'v')
(70, 117, 44, 'v')
(70, 118, 49, 'v')
(70, 119, 62, 'h')
(70, 120, 57, 'h')
(71, 0, 90, 'v')
(71, 14, 120, 'v')
(71, 18, 114, 'v')
(71, 19, 108, 'v')
(71, 23, 97, 'v')
(71, 25, 89, 'v')
(71, 26, 81, 'v')
(71, 30, 118, 'v')
(71, 31, 115, 'v')
(71, 34, 111, 'v')
(71, 36, 67, 'v')
(71, 42, 104, 'v')
(71, 50, 55, 'v')
(71, 56, 43, 'v')
(71, 61, 30, 'v')
(71, 66, 67, 'v')
(71, 71, 0, 'v')
(71, 72, 70, 'v')
(71, 73, 74, 'v')
(71, 76, 77, 'v')
(71, 77, 82, 'v')
(71, 78, 85, 'v')
(71, 93, 62, 'v')
(71, 94, 31, 'v')
(71, 131, 139, 'h')
(71, 133, 117, 'h')
(71, 134, 96, 'h')
(72, 0, 112, 'h')
(72, 14, 160, 'h')
(72, 66, 3, 'v')
(72, 71, 70, 'h')
(72, 72, 0, 'v')
(72, 73, 4, 'v')
(72, 76, 7, 'v')
(72, 77, 12, 'v')
(72, 78, 15, 'v')
(72, 94, 95, 'v')
(72, 96, 35, 'v')
(72, 99, 38, 'v')
(72, 102, 58, 'v')
(72, 104, 61, 'v')
(72, 112, 137, 'v')
(72, 122, 153, 'v')
(72, 124, 168, 'v')
(72, 126, 184, 'v')
(72, 127, 107, 'v')
(72, 130, 91, 'v')
(72, 131, 99, 'v')
(72, 133, 123, 'h')
(72, 134, 146, 'h')
(73, 0, 116, 'h')
(73, 14, 164, 'h')
(73, 66, 7, 'h')
(73, 71, 74, 'h')
(73, 72, 4, 'v')
(73, 73, 0, 'v')
(73, 76, 3, 'v')
(73, 77, 8, 'v')
(73, 78, 11, 'v')
(73, 94, 93, 'v')
(73, 96, 31, 'v')
(73, 99, 34, 'v')
(73, 102, 54, 'v')
(73, 104, 57, 'v')
(73, 112, 135, 'v')
(73, 122, 151, 'v')
(73, 124, 166, 'v')
(73, 126, 182, 'v')
(73, 127, 103, 'v')
(73, 130, 87, 'v')
(73, 131, 97, 'v')
(73, 133, 121, 'h')
(73, 134, 144, 'h')
(74, 20, 97, 'h')
(74, 27, 162, 'h')
(74, 29, 67, 'h')
(74, 53, 28, 'h')
(74, 59, 13, 'v')
(74, 62, 46, 'v')
(74, 67, 75, 'h')
(74, 68, 46, 'v')
(74, 69, 44, 'v')
(74, 74, 0, 'v')
(74, 86, 18, 'v')
(74, 95, 121, 'v')
(74, 97, 126, 'v')
(74, 103, 148, 'v')
(74, 105, 150, 'v')
(74, 108, 34, 'v')
(74, 112, 315, 'v')
(74, 121, 48, 'v')
(74, 122, 331, 'v')
(74, 123, 64, 'v')
(74, 124, 346, 'v')
(74, 125, 79, 'v')
(74, 128, 188, 'v')
(74, 129, 83, 'v')
(74, 136, 193, 'v')
(74, 137, 175, 'v')
(74, 139, 105, 'v')
(74, 140, 134, 'h')
(74, 141, 112, 'h')
(74, 142, 118, 'h')
(75, 22, 85, 'v')
(75, 24, 81, 'v')
(75, 28, 69, 'v')
(75, 32, 57, 'v')
(75, 43, 46, 'v')
(75, 52, 32, 'v')
(75, 57, 23, 'v')
(75, 60, 12, 'v')
(75, 75, 0, 'v')
(75, 82, 11, 'v')
(75, 88, 21, 'h')
(75, 106, 32, 'h')
(76, 0, 119, 'h')
(76, 14, 167, 'h')
(76, 66, 10, 'h')
(76, 71, 77, 'h')
(76, 72, 7, 'h')
(76, 73, 3, 'v')
(76, 76, 0, 'v')
(76, 77, 5, 'v')
(76, 78, 8, 'v')
(76, 94, 92, 'v')
(76, 96, 28, 'v')
(76, 99, 31, 'v')
(76, 102, 51, 'v')
(76, 104, 54, 'v')
(76, 112, 134, 'v')
(76, 122, 150, 'v')
(76, 124, 165, 'v')
(76, 126, 181, 'v')
(76, 127, 100, 'v')
(76, 130, 84, 'v')
(76, 131, 96, 'v')
(76, 133, 120, 'h')
(76, 134, 143, 'h')
(77, 0, 124, 'h')
(77, 14, 172, 'h')
(77, 66, 15, 'h')
(77, 71, 82, 'h')
(77, 72, 12, 'h')
(77, 73, 8, 'h')
(77, 76, 5, 'v')
(77, 77, 0, 'v')
(77, 78, 3, 'v')
(77, 94, 91, 'v')
(77, 96, 23, 'v')
(77, 99, 26, 'v')
(77, 102, 46, 'v')
(77, 104, 49, 'v')
(77, 112, 133, 'v')
(77, 122, 149, 'v')
(77, 124, 164, 'v')
(77, 126, 180, 'v')
(77, 127, 95, 'v')
(77, 130, 79, 'v')
(77, 131, 95, 'v')
(77, 133, 119, 'h')
(77, 134, 142, 'h')
(78, 0, 127, 'h')
(78, 14, 175, 'h')
(78, 66, 18, 'h')
(78, 71, 85, 'h')
(78, 72, 15, 'h')
(78, 73, 11, 'h')
(78, 76, 8, 'h')
(78, 77, 3, 'v')
(78, 78, 0, 'v')
(78, 94, 90, 'v')
(78, 96, 20, 'v')
(78, 99, 23, 'v')
(78, 102, 43, 'v')
(78, 104, 46, 'v')
(78, 112, 132, 'v')
(78, 122, 148, 'v')
(78, 124, 163, 'v')
(78, 126, 179, 'v')
(78, 127, 92, 'v')
(78, 130, 76, 'v')
(78, 131, 94, 'v')
(78, 133, 118, 'h')
(78, 134, 141, 'h')
(79, 33, 62, 'h')
(79, 35, 62, 'h')
(79, 37, 62, 'h')
(79, 38, 58, 'h')
(79, 39, 62, 'h')
(79, 40, 62, 'h')
(79, 41, 62, 'h')
(79, 44, 63, 'h')
(79, 47, 48, 'h')
(79, 54, 35, 'h')
(79, 58, 22, 'h')
(79, 70, 13, 'v')
(79, 79, 0, 'v')
(79, 80, 24, 'v')
(79, 85, 11, 'v')
(79, 92, 35, 'v')
(79, 98, 21, 'v')
(79, 116, 32, 'v')
(79, 117, 31, 'v')
(79, 118, 38, 'v')
(79, 119, 51, 'h')
(79, 120, 46, 'h')
(80, 33, 70, 'h')
(80, 35, 68, 'h')
(80, 37, 66, 'h')
(80, 38, 68, 'h')
(80, 39, 64, 'h')
(80, 40, 62, 'h')
(80, 41, 60, 'h')
(80, 44, 53, 'h')
(80, 47, 60, 'h')
(80, 48, 41, 'v')
(80, 49, 41, 'v')
(80, 51, 40, 'v')
(80, 54, 49, 'v')
(80, 55, 31, 'v')
(80, 58, 38, 'v')
(80, 64, 15, 'v')
(80, 70, 31, 'v')
(80, 79, 24, 'v')
(80, 80, 0, 'v')
(80, 85, 35, 'v')
(80, 92, 17, 'v')
(80, 118, 48, 'h')
(80, 119, 35, 'h')
(80, 120, 42, 'h')
(81, 63, 24, 'v')
(81, 65, 25, 'v')
(81, 81, 0, 'v')
(81, 83, 28, 'v')
(81, 84, 31, 'v')
(81, 87, 27, 'v')
(81, 90, 30, 'v')
(81, 91, 26, 'v')
(81, 100, 25, 'v')
(81, 101, 25, 'v')
(81, 107, 26, 'v')
(81, 109, 24, 'v')
(81, 110, 24, 'v')
(81, 111, 32, 'v')
(81, 113, 29, 'v')
(81, 114, 25, 'v')
(81, 115, 28, 'v')
(82, 22, 94, 'v')
(82, 24, 92, 'v')
(82, 28, 80, 'v')
(82, 32, 68, 'v')
(82, 43, 57, 'v')
(82, 52, 43, 'v')
(82, 57, 34, 'v')
(82, 60, 23, 'v')
(82, 75, 11, 'v')
(82, 82, 0, 'v')
(82, 88, 10, 'v')
(82, 106, 21, 'h')
(83, 63, 52, 'h')
(83, 65, 53, 'h')
(83, 81, 28, 'v')
(83, 83, 0, 'v')
(83, 84, 5, 'v')
(83, 87, 11, 'h')
(83, 90, 16, 'h')
(83, 91, 22, 'h')
(83, 100, 31, 'h')
(83, 101, 33, 'h')
(83, 107, 38, 'h')
(83, 109, 44, 'h')
(83, 110, 46, 'h')
(83, 111, 56, 'h')
(83, 113, 53, 'h')
(83, 114, 49, 'h')
(83, 115, 52, 'h')
(84, 63, 55, 'h')
(84, 65, 56, 'h')
(84, 81, 31, 'v')
(84, 83, 5, 'v')
(84, 84, 0, 'v')
(84, 87, 6, 'v')
(84, 90, 11, 'h')
(84, 91, 17, 'h')
(84, 100, 26, 'h')
(84, 101, 28, 'h')
(84, 107, 33, 'h')
(84, 109, 39, 'h')
(84, 110, 41, 'h')
(84, 111, 51, 'h')
(84, 113, 48, 'h')
(84, 114, 44, 'h')
(84, 115, 47, 'h')
(85, 33, 73, 'h')
(85, 35, 73, 'h')
(85, 37, 73, 'h')
(85, 38, 69, 'h')
(85, 39, 73, 'h')
(85, 40, 73, 'h')
(85, 41, 73, 'h')
(85, 44, 74, 'h')
(85, 47, 59, 'h')
(85, 54, 46, 'h')
(85, 58, 33, 'h')
(85, 70, 24, 'h')
(85, 79, 11, 'v')
(85, 80, 35, 'h')
(85, 85, 0, 'v')
(85, 92, 26, 'v')
(85, 98, 10, 'v')
(85, 116, 21, 'v')
(85, 117, 20, 'v')
(85, 118, 29, 'h')
(85, 119, 42, 'h')
(85, 120, 37, 'h')
(86, 20, 115, 'h')
(86, 27, 180, 'h')
(86, 29, 85, 'h')
(86, 53, 46, 'h')
(86, 59, 31, 'h')
(86, 67, 93, 'h')
(86, 69, 62, 'h')
(86, 74, 18, 'v')
(86, 86, 0, 'v')
(86, 95, 105, 'v')
(86, 97, 110, 'v')
(86, 103, 132, 'v')
(86, 105, 134, 'v')
(86, 108, 16, 'v')
(86, 112, 299, 'v')
(86, 121, 30, 'v')
(86, 122, 315, 'v')
(86, 123, 46, 'v')
(86, 124, 330, 'v')
(86, 125, 61, 'v')
(86, 128, 172, 'v')
(86, 129, 65, 'v')
(86, 136, 177, 'v')
(86, 137, 159, 'v')
(86, 139, 89, 'v')
(86, 140, 118, 'h')
(86, 141, 96, 'h')
(86, 142, 102, 'h')
(87, 63, 51, 'h')
(87, 65, 52, 'h')
(87, 81, 27, 'v')
(87, 83, 11, 'v')
(87, 84, 6, 'v')
(87, 87, 0, 'v')
(87, 90, 5, 'v')
(87, 91, 11, 'h')
(87, 100, 20, 'h')
(87, 101, 22, 'h')
(87, 107, 27, 'h')
(87, 109, 33, 'h')
(87, 110, 35, 'h')
(87, 111, 45, 'h')
(87, 113, 42, 'h')
(87, 114, 38, 'h')
(87, 115, 41, 'h')
(88, 22, 102, 'v')
(88, 24, 102, 'v')
(88, 28, 90, 'v')
(88, 32, 78, 'v')
(88, 43, 67, 'v')
(88, 52, 53, 'v')
(88, 57, 44, 'v')
(88, 60, 33, 'v')
(88, 75, 21, 'v')
(88, 82, 10, 'v')
(88, 88, 0, 'v')
(88, 106, 11, 'v')
(89, 89, 0, 'v')
(89, 93, 4, 'v')
(89, 94, 35, 'v')
(89, 112, 15, 'h')
(90, 63, 54, 'h')
(90, 65, 55, 'h')
(90, 81, 30, 'v')
(90, 83, 16, 'v')
(90, 84, 11, 'v')
(90, 87, 5, 'v')
(90, 90, 0, 'v')
(90, 91, 6, 'v')
(90, 100, 15, 'h')
(90, 101, 17, 'h')
(90, 107, 22, 'h')
(90, 109, 28, 'h')
(90, 110, 30, 'h')
(90, 111, 40, 'h')
(90, 113, 37, 'h')
(90, 114, 33, 'h')
(90, 115, 36, 'h')
(91, 63, 50, 'h')
(91, 65, 51, 'h')
(91, 81, 26, 'v')
(91, 83, 22, 'v')
(91, 84, 17, 'v')
(91, 87, 11, 'v')
(91, 90, 6, 'v')
(91, 91, 0, 'v')
(91, 100, 9, 'v')
(91, 101, 11, 'h')
(91, 107, 16, 'h')
(91, 109, 22, 'h')
(91, 110, 24, 'h')
(91, 111, 34, 'h')
(91, 113, 31, 'h')
(91, 114, 27, 'h')
(91, 115, 30, 'h')
(92, 33, 85, 'h')
(92, 35, 83, 'h')
(92, 37, 81, 'h')
(92, 38, 83, 'h')
(92, 39, 79, 'h')
(92, 40, 77, 'h')
(92, 41, 75, 'h')
(92, 44, 68, 'v')
(92, 47, 75, 'v')
(92, 48, 58, 'v')
(92, 49, 58, 'v')
(92, 51, 57, 'v')
(92, 54, 64, 'v')
(92, 55, 48, 'v')
(92, 58, 53, 'v')
(92, 64, 32, 'v')
(92, 70, 46, 'v')
(92, 79, 35, 'v')
(92, 80, 17, 'v')
(92, 85, 26, 'v')
(92, 92, 0, 'v')
(92, 98, 28, 'v')
(92, 116, 39, 'v')
(92, 117, 38, 'v')
(92, 118, 31, 'h')
(92, 119, 18, 'v')
(92, 120, 25, 'h')
(93, 71, 62, 'h')
(93, 89, 4, 'v')
(93, 93, 0, 'v')
(93, 94, 31, 'v')
(93, 96, 105, 'v')
(93, 99, 108, 'v')
(93, 102, 128, 'v')
(93, 104, 131, 'v')
(93, 112, 11, 'v')
(93, 122, 27, 'v')
(93, 124, 42, 'v')
(93, 126, 58, 'v')
(93, 127, 177, 'v')
(93, 130, 161, 'v')
(93, 131, 139, 'v')
(93, 133, 117, 'v')
(93, 134, 96, 'v')
(93, 135, 68, 'v')
(94, 0, 121, 'h')
(94, 14, 151, 'h')
(94, 66, 96, 'v')
(94, 71, 31, 'v')
(94, 72, 95, 'v')
(94, 73, 93, 'v')
(94, 76, 92, 'v')
(94, 77, 91, 'v')
(94, 78, 90, 'v')
(94, 89, 35, 'h')
(94, 93, 31, 'v')
(94, 94, 0, 'v')
(94, 96, 74, 'v')
(94, 99, 77, 'v')
(94, 102, 97, 'v')
(94, 104, 100, 'v')
(94, 112, 42, 'v')
(94, 122, 58, 'v')
(94, 124, 73, 'v')
(94, 126, 89, 'v')
(94, 127, 146, 'v')
(94, 130, 130, 'v')
(94, 131, 108, 'v')
(94, 133, 86, 'v')
(94, 134, 65, 'v')
(94, 135, 81, 'v')
(95, 20, 204, 'h')
(95, 27, 89, 'v')
(95, 29, 178, 'v')
(95, 45, 94, 'v')
(95, 53, 145, 'h')
(95, 59, 132, 'h')
(95, 67, 58, 'v')
(95, 69, 89, 'h')
(95, 74, 121, 'v')
(95, 86, 105, 'v')
(95, 95, 0, 'v')
(95, 97, 5, 'v')
(95, 103, 27, 'v')
(95, 105, 29, 'v')
(95, 108, 107, 'v')
(95, 112, 194, 'v')
(95, 121, 121, 'v')
(95, 122, 210, 'v')
(95, 123, 137, 'v')
(95, 124, 225, 'v')
(95, 125, 152, 'v')
(95, 128, 67, 'v')
(95, 129, 156, 'v')
(95, 136, 72, 'v')
(95, 137, 78, 'v')
(95, 139, 178, 'h')
(95, 140, 157, 'h')
(95, 141, 181, 'h')
(95, 142, 177, 'h')
(96, 0, 147, 'h')
(96, 14, 195, 'h')
(96, 66, 38, 'h')
(96, 72, 35, 'h')
(96, 73, 31, 'h')
(96, 76, 28, 'h')
(96, 77, 23, 'h')
(96, 78, 20, 'v')
(96, 93, 105, 'h')
(96, 94, 74, 'v')
(96, 96, 0, 'v')
(96, 99, 3, 'v')
(96, 102, 23, 'v')
(96, 104, 26, 'v')
(96, 112, 114, 'v')
(96, 122, 130, 'v')
(96, 124, 145, 'v')
(96, 126, 161, 'v')
(96, 127, 72, 'v')
(96, 130, 56, 'v')
(96, 131, 76, 'v')
(96, 133, 100, 'h')
(96, 134, 123, 'h')
(96, 135, 153, 'h')
(97, 20, 209, 'h')
(97, 29, 183, 'h')
(97, 53, 150, 'h')
(97, 59, 137, 'h')
(97, 67, 63, 'h')
(97, 69, 94, 'h')
(97, 74, 126, 'h')
(97, 86, 110, 'h')
(97, 95, 5, 'v')
(97, 97, 0, 'v')
(97, 103, 22, 'v')
(97, 105, 24, 'v')
(97, 108, 110, 'v')
(97, 112, 189, 'v')
(97, 121, 124, 'v')
(97, 122, 205, 'v')
(97, 123, 140, 'v')
(97, 124, 220, 'v')
(97, 125, 155, 'v')
(97, 128, 62, 'v')
(97, 129, 159, 'v')
(97, 136, 67, 'v')
(97, 137, 81, 'v')
(97, 139, 181, 'h')
(97, 140, 160, 'h')
(97, 141, 184, 'h')
(97, 142, 180, 'h')
(98, 33, 83, 'h')
(98, 35, 83, 'h')
(98, 37, 83, 'h')
(98, 38, 79, 'h')
(98, 39, 83, 'h')
(98, 40, 83, 'h')
(98, 41, 83, 'h')
(98, 44, 84, 'h')
(98, 47, 69, 'h')
(98, 54, 56, 'h')
(98, 58, 43, 'h')
(98, 70, 34, 'h')
(98, 79, 21, 'h')
(98, 85, 10, 'v')
(98, 92, 28, 'v')
(98, 98, 0, 'v')
(98, 116, 11, 'v')
(98, 117, 12, 'v')
(98, 118, 21, 'h')
(98, 119, 34, 'h')
(98, 120, 29, 'h')
(99, 0, 150, 'h')
(99, 14, 198, 'h')
(99, 66, 41, 'h')
(99, 72, 38, 'h')
(99, 73, 34, 'h')
(99, 76, 31, 'h')
(99, 77, 26, 'h')
(99, 78, 23, 'h')
(99, 93, 108, 'h')
(99, 94, 77, 'h')
(99, 96, 3, 'v')
(99, 99, 0, 'v')
(99, 102, 20, 'v')
(99, 104, 23, 'v')
(99, 112, 115, 'v')
(99, 122, 131, 'v')
(99, 124, 146, 'v')
(99, 126, 162, 'v')
(99, 127, 69, 'v')
(99, 130, 53, 'v')
(99, 131, 77, 'h')
(99, 133, 101, 'h')
(99, 134, 124, 'h')
(99, 135, 154, 'h')
(100, 63, 49, 'h')
(100, 65, 50, 'h')
(100, 81, 25, 'v')
(100, 83, 31, 'v')
(100, 84, 26, 'v')
(100, 87, 20, 'v')
(100, 90, 15, 'v')
(100, 91, 9, 'v')
(100, 100, 0, 'v')
(100, 101, 2, 'v')
(100, 107, 7, 'h')
(100, 109, 13, 'h')
(100, 110, 15, 'h')
(100, 111, 25, 'h')
(100, 113, 22, 'h')
(100, 114, 18, 'h')
(100, 115, 21, 'h')
(101, 63, 49, 'h')
(101, 65, 50, 'h')
(101, 81, 25, 'v')
(101, 83, 33, 'v')
(101, 84, 28, 'v')
(101, 87, 22, 'v')
(101, 90, 17, 'v')
(101, 91, 11, 'v')
(101, 100, 2, 'v')
(101, 101, 0, 'v')
(101, 107, 5, 'v')
(101, 109, 11, 'h')
(101, 110, 13, 'h')
(101, 111, 23, 'h')
(101, 113, 20, 'h')
(101, 114, 16, 'h')
(101, 115, 19, 'h')
(102, 0, 170, 'h')
(102, 14, 218, 'h')
(102, 66, 61, 'h')
(102, 72, 58, 'h')
(102, 73, 54, 'h')
(102, 76, 51, 'h')
(102, 77, 46, 'h')
(102, 78, 43, 'h')
(102, 93, 128, 'h')
(102, 94, 97, 'h')
(102, 96, 23, 'h')
(102, 99, 20, 'v')
(102, 102, 0, 'v')
(102, 104, 3, 'v')
(102, 112, 131, 'v')
(102, 122, 147, 'v')
(102, 124, 162, 'v')
(102, 127, 51, 'v')
(102, 130, 69, 'h')
(102, 131, 93, 'h')
(102, 133, 117, 'h')
(102, 134, 140, 'h')
(102, 135, 170, 'h')
(103, 103, 0, 'v')
(103, 105, 2, 'v')
(103, 112, 167, 'v')
(103, 122, 183, 'v')
(103, 124, 198, 'v')
(103, 127, 87, 'v')
(104, 0, 173, 'h')
(104, 14, 221, 'h')
(104, 66, 64, 'h')
(104, 72, 61, 'h')
(104, 73, 57, 'h')
(104, 76, 54, 'h')
(104, 77, 49, 'h')
(104, 78, 46, 'h')
(104, 93, 131, 'h')
(104, 94, 100, 'h')
(104, 96, 26, 'h')
(104, 99, 23, 'h')
(104, 102, 3, 'v')
(104, 104, 0, 'v')
(104, 105, 33, 'v')
(104, 112, 132, 'v')
(104, 122, 148, 'v')
(104, 124, 163, 'v')
(104, 127, 52, 'v')
(104, 130, 70, 'h')
(104, 131, 94, 'h')
(104, 133, 118, 'h')
(104, 134, 141, 'h')
(104, 135, 171, 'h')
(105, 103, 2, 'v')
(105, 104, 33, 'v')
(105, 105, 0, 'v')
(105, 112, 165, 'v')
(105, 122, 181, 'v')
(105, 124, 196, 'v')
(105, 127, 85, 'v')
(106, 22, 111, 'v')
(106, 24, 113, 'v')
(106, 28, 101, 'v')
(106, 32, 89, 'v')
(106, 43, 78, 'v')
(106, 52, 64, 'v')
(106, 57, 55, 'v')
(106, 60, 44, 'v')
(106, 75, 32, 'v')
(106, 82, 21, 'v')
(106, 88, 11, 'v')
(106, 106, 0, 'v')
(106, 132, 55, 'v')
(107, 63, 50, 'h')
(107, 65, 51, 'h')
(107, 81, 26, 'v')
(107, 83, 38, 'v')
(107, 84, 33, 'v')
(107, 87, 27, 'v')
(107, 90, 22, 'v')
(107, 91, 16, 'v')
(107, 100, 7, 'v')
(107, 101, 5, 'v')
(107, 107, 0, 'v')
(107, 109, 6, 'v')
(107, 110, 8, 'h')
(107, 111, 18, 'h')
(107, 113, 15, 'h')
(107, 114, 11, 'h')
(107, 115, 14, 'h')
(108, 0, 332, 'h')
(108, 14, 380, 'h')
(108, 20, 131, 'h')
(108, 29, 101, 'h')
(108, 53, 62, 'h')
(108, 59, 47, 'h')
(108, 66, 223, 'h')
(108, 67, 109, 'h')
(108, 69, 78, 'h')
(108, 72, 220, 'h')
(108, 73, 216, 'h')
(108, 74, 34, 'h')
(108, 76, 213, 'h')
(108, 77, 208, 'h')
(108, 78, 205, 'h')
(108, 86, 16, 'v')
(108, 93, 290, 'h')
(108, 94, 259, 'h')
(108, 95, 107, 'v')
(108, 96, 185, 'h')
(108, 97, 110, 'v')
(108, 99, 182, 'h')
(108, 102, 162, 'h')
(108, 103, 126, 'v')
(108, 104, 159, 'h')
(108, 105, 126, 'v')
(108, 108, 0, 'v')
(108, 112, 285, 'v')
(108, 121, 14, 'v')
(108, 122, 301, 'v')
(108, 123, 30, 'v')
(108, 124, 316, 'v')
(108, 125, 45, 'v')
(108, 127, 205, 'h')
(108, 128, 158, 'v')
(108, 129, 49, 'v')
(108, 130, 223, 'h')
(108, 131, 247, 'h')
(108, 133, 271, 'h')
(108, 134, 294, 'h')
(108, 135, 324, 'h')
(108, 136, 163, 'v')
(108, 137, 145, 'v')
(108, 139, 75, 'v')
(108, 140, 104, 'h')
(108, 141, 82, 'h')
(108, 142, 88, 'h')
(109, 63, 48, 'h')
(109, 65, 49, 'h')
(109, 81, 24, 'v')
(109, 83, 44, 'v')
(109, 84, 39, 'v')
(109, 87, 33, 'v')
(109, 90, 28, 'v')
(109, 91, 22, 'v')
(109, 100, 13, 'v')
(109, 101, 11, 'v')
(109, 107, 6, 'v')
(109, 109, 0, 'v')
(109, 110, 2, 'v')
(109, 111, 12, 'h')
(109, 113, 9, 'h')
(109, 114, 5, 'h')
(109, 115, 8, 'h')
(110, 63, 48, 'h')
(110, 81, 24, 'v')
(110, 83, 46, 'v')
(110, 84, 41, 'v')
(110, 87, 35, 'v')
(110, 90, 30, 'v')
(110, 91, 24, 'v')
(110, 100, 15, 'v')
(110, 101, 13, 'v')
(110, 107, 8, 'v')
(110, 109, 2, 'v')
(110, 110, 0, 'v')
(110, 111, 10, 'v')
(110, 113, 7, 'v')
(110, 114, 3, 'v')
(110, 115, 6, 'h')
(111, 63, 40, 'v')
(111, 65, 39, 'v')
(111, 81, 32, 'v')
(111, 83, 56, 'v')
(111, 84, 51, 'v')
(111, 87, 45, 'v')
(111, 90, 40, 'v')
(111, 91, 34, 'v')
(111, 100, 25, 'v')
(111, 101, 23, 'v')
(111, 107, 18, 'v')
(111, 109, 12, 'v')
(111, 110, 10, 'v')
(111, 111, 0, 'v')
(111, 113, 5, 'v')
(111, 114, 11, 'h')
(111, 115, 8, 'h')
(112, 0, 163, 'h')
(112, 14, 193, 'h')
(112, 66, 138, 'h')
(112, 72, 137, 'h')
(112, 73, 135, 'h')
(112, 76, 134, 'h')
(112, 77, 133, 'h')
(112, 78, 132, 'h')
(112, 89, 15, 'v')
(112, 93, 11, 'v')
(112, 94, 42, 'h')
(112, 96, 114, 'v')
(112, 99, 115, 'v')
(112, 102, 131, 'v')
(112, 103, 167, 'h')
(112, 104, 132, 'v')
(112, 105, 165, 'h')
(112, 112, 0, 'v')
(112, 122, 16, 'v')
(112, 124, 31, 'v')
(112, 126, 47, 'v')
(112, 127, 168, 'v')
(112, 130, 152, 'v')
(112, 131, 130, 'v')
(112, 133, 108, 'v')
(112, 134, 87, 'v')
(112, 135, 59, 'v')
(113, 63, 43, 'v')
(113, 65, 44, 'v')
(113, 81, 29, 'v')
(113, 83, 53, 'v')
(113, 84, 48, 'v')
(113, 87, 42, 'v')
(113, 90, 37, 'v')
(113, 91, 31, 'v')
(113, 100, 22, 'v')
(113, 101, 20, 'v')
(113, 107, 15, 'v')
(113, 109, 9, 'v')
(113, 110, 7, 'v')
(113, 111, 5, 'v')
(113, 113, 0, 'v')
(113, 114, 6, 'h')
(113, 115, 3, 'v')
(114, 81, 25, 'v')
(114, 83, 49, 'v')
(114, 84, 44, 'v')
(114, 87, 38, 'v')
(114, 90, 33, 'v')
(114, 91, 27, 'v')
(114, 100, 18, 'v')
(114, 101, 16, 'v')
(114, 107, 11, 'v')
(114, 109, 5, 'v')
(114, 110, 3, 'v')
(114, 111, 11, 'v')
(114, 113, 6, 'v')
(114, 114, 0, 'v')
(114, 115, 3, 'v')
(115, 63, 46, 'v')
(115, 65, 47, 'v')
(115, 81, 28, 'v')
(115, 83, 52, 'v')
(115, 84, 47, 'v')
(115, 87, 41, 'v')
(115, 90, 36, 'v')
(115, 91, 30, 'v')
(115, 100, 21, 'v')
(115, 101, 19, 'v')
(115, 107, 14, 'v')
(115, 109, 8, 'v')
(115, 110, 6, 'v')
(115, 111, 8, 'v')
(115, 113, 3, 'v')
(115, 114, 3, 'v')
(115, 115, 0, 'v')
(116, 33, 94, 'h')
(116, 35, 94, 'h')
(116, 37, 94, 'h')
(116, 38, 90, 'h')
(116, 39, 94, 'h')
(116, 40, 94, 'h')
(116, 41, 94, 'h')
(116, 44, 95, 'h')
(116, 47, 80, 'h')
(116, 54, 67, 'h')
(116, 58, 54, 'h')
(116, 70, 45, 'h')
(116, 79, 32, 'h')
(116, 85, 21, 'h')
(116, 92, 39, 'h')
(116, 98, 11, 'v')
(116, 116, 0, 'v')
(116, 117, 3, 'v')
(116, 118, 12, 'h')
(116, 119, 25, 'h')
(116, 120, 20, 'h')
(117, 33, 93, 'h')
(117, 35, 93, 'h')
(117, 37, 93, 'h')
(117, 38, 89, 'h')
(117, 39, 93, 'h')
(117, 40, 93, 'h')
(117, 41, 93, 'h')
(117, 44, 94, 'h')
(117, 47, 79, 'h')
(117, 54, 66, 'h')
(117, 58, 53, 'h')
(117, 70, 44, 'h')
(117, 79, 31, 'h')
(117, 85, 20, 'v')
(117, 92, 38, 'v')
(117, 98, 12, 'v')
(117, 116, 3, 'v')
(117, 117, 0, 'v')
(117, 118, 9, 'v')
(117, 119, 22, 'h')
(117, 120, 17, 'h')
(118, 33, 88, 'h')
(118, 35, 86, 'v')
(118, 37, 86, 'v')
(118, 38, 86, 'v')
(118, 39, 86, 'v')
(118, 40, 86, 'v')
(118, 41, 86, 'v')
(118, 44, 87, 'v')
(118, 47, 78, 'v')
(118, 48, 89, 'v')
(118, 49, 89, 'v')
(118, 51, 88, 'v')
(118, 54, 67, 'v')
(118, 55, 79, 'v')
(118, 58, 56, 'v')
(118, 64, 63, 'v')
(118, 70, 49, 'v')
(118, 79, 38, 'v')
(118, 80, 48, 'v')
(118, 85, 29, 'v')
(118, 92, 31, 'v')
(118, 98, 21, 'v')
(118, 116, 12, 'v')
(118, 117, 9, 'v')
(118, 118, 0, 'v')
(118, 119, 13, 'v')
(118, 120, 8, 'v')
(119, 35, 99, 'h')
(119, 37, 97, 'h')
(119, 39, 95, 'h')
(119, 40, 93, 'h')
(119, 41, 91, 'h')
(119, 44, 84, 'v')
(119, 47, 91, 'v')
(119, 48, 76, 'v')
(119, 49, 76, 'v')
(119, 51, 75, 'v')
(119, 54, 80, 'v')
(119, 55, 66, 'v')
(119, 58, 69, 'v')
(119, 64, 50, 'v')
(119, 70, 62, 'v')
(119, 79, 51, 'v')
(119, 80, 35, 'v')
(119, 85, 42, 'v')
(119, 92, 18, 'v')
(119, 98, 34, 'v')
(119, 116, 25, 'v')
(119, 117, 22, 'v')
(119, 118, 13, 'v')
(119, 119, 0, 'v')
(119, 120, 7, 'v')
(120, 37, 92, 'h')
(120, 39, 90, 'h')
(120, 40, 88, 'h')
(120, 41, 86, 'v')
(120, 44, 81, 'v')
(120, 47, 86, 'v')
(120, 48, 83, 'v')
(120, 49, 83, 'v')
(120, 51, 82, 'v')
(120, 54, 75, 'v')
(120, 55, 73, 'v')
(120, 58, 64, 'v')
(120, 64, 57, 'v')
(120, 70, 57, 'v')
(120, 79, 46, 'v')
(120, 80, 42, 'v')
(120, 85, 37, 'v')
(120, 92, 25, 'v')
(120, 98, 29, 'v')
(120, 116, 20, 'v')
(120, 117, 17, 'v')
(120, 118, 8, 'v')
(120, 119, 7, 'v')
(120, 120, 0, 'v')
(121, 0, 346, 'h')
(121, 14, 394, 'h')
(121, 20, 145, 'h')
(121, 29, 115, 'h')
(121, 53, 76, 'h')
(121, 59, 61, 'h')
(121, 66, 237, 'h')
(121, 67, 123, 'h')
(121, 69, 92, 'h')
(121, 72, 234, 'h')
(121, 73, 230, 'h')
(121, 74, 48, 'h')
(121, 76, 227, 'h')
(121, 77, 222, 'h')
(121, 78, 219, 'h')
(121, 86, 30, 'h')
(121, 93, 304, 'h')
(121, 94, 273, 'h')
(121, 95, 121, 'h')
(121, 96, 199, 'h')
(121, 97, 124, 'h')
(121, 99, 196, 'h')
(121, 102, 176, 'h')
(121, 103, 140, 'h')
(121, 104, 173, 'h')
(121, 105, 140, 'h')
(121, 108, 14, 'v')
(121, 112, 295, 'v')
(121, 121, 0, 'v')
(121, 122, 289, 'v')
(121, 123, 16, 'v')
(121, 124, 304, 'v')
(121, 125, 31, 'v')
(121, 127, 193, 'h')
(121, 128, 146, 'v')
(121, 129, 35, 'v')
(121, 130, 211, 'h')
(121, 131, 235, 'h')
(121, 133, 259, 'h')
(121, 134, 282, 'h')
(121, 135, 312, 'h')
(121, 136, 151, 'v')
(121, 137, 133, 'v')
(121, 139, 63, 'v')
(121, 140, 92, 'h')
(121, 141, 70, 'h')
(121, 142, 76, 'h')
(122, 0, 179, 'h')
(122, 14, 209, 'h')
(122, 66, 154, 'h')
(122, 72, 153, 'h')
(122, 73, 151, 'h')
(122, 76, 150, 'h')
(122, 77, 149, 'h')
(122, 78, 148, 'h')
(122, 93, 27, 'h')
(122, 94, 58, 'h')
(122, 96, 130, 'h')
(122, 99, 131, 'h')
(122, 102, 147, 'h')
(122, 103, 183, 'h')
(122, 104, 148, 'h')
(122, 105, 181, 'h')
(122, 112, 16, 'v')
(122, 122, 0, 'v')
(122, 124, 15, 'v')
(122, 126, 31, 'v')
(122, 127, 154, 'v')
(122, 130, 138, 'v')
(122, 131, 116, 'v')
(122, 133, 94, 'v')
(122, 134, 73, 'v')
(122, 135, 45, 'v')
(123, 0, 362, 'h')
(123, 14, 410, 'h')
(123, 20, 161, 'h')
(123, 29, 131, 'h')
(123, 53, 92, 'h')
(123, 59, 77, 'h')
(123, 66, 253, 'h')
(123, 67, 139, 'h')
(123, 69, 108, 'h')
(123, 72, 250, 'h')
(123, 73, 246, 'h')
(123, 74, 64, 'h')
(123, 76, 243, 'h')
(123, 77, 238, 'h')
(123, 78, 235, 'h')
(123, 86, 46, 'h')
(123, 93, 320, 'h')
(123, 94, 289, 'h')
(123, 95, 137, 'h')
(123, 96, 215, 'h')
(123, 97, 140, 'h')
(123, 99, 212, 'h')
(123, 102, 192, 'h')
(123, 103, 156, 'h')
(123, 104, 189, 'h')
(123, 105, 156, 'h')
(123, 108, 30, 'h')
(123, 112, 311, 'h')
(123, 121, 16, 'v')
(123, 122, 297, 'v')
(123, 123, 0, 'v')
(123, 124, 290, 'v')
(123, 125, 15, 'v')
(123, 127, 179, 'h')
(123, 128, 132, 'v')
(123, 129, 19, 'v')
(123, 130, 197, 'h')
(123, 131, 221, 'h')
(123, 133, 245, 'h')
(123, 134, 268, 'h')
(123, 135, 298, 'h')
(123, 136, 137, 'v')
(123, 137, 119, 'v')
(123, 139, 49, 'v')
(123, 140, 78, 'h')
(123, 141, 56, 'h')
(123, 142, 62, 'h')
(124, 0, 194, 'h')
(124, 14, 224, 'h')
(124, 66, 169, 'h')
(124, 72, 168, 'h')
(124, 73, 166, 'h')
(124, 76, 165, 'h')
(124, 77, 164, 'h')
(124, 78, 163, 'h')
(124, 93, 42, 'h')
(124, 94, 73, 'h')
(124, 96, 145, 'h')
(124, 99, 146, 'h')
(124, 102, 162, 'h')
(124, 103, 198, 'h')
(124, 104, 163, 'h')
(124, 105, 196, 'h')
(124, 112, 31, 'h')
(124, 122, 15, 'v')
(124, 124, 0, 'v')
(124, 126, 16, 'v')
(124, 127, 141, 'v')
(124, 130, 125, 'v')
(124, 131, 103, 'v')
(124, 133, 81, 'v')
(124, 134, 60, 'v')
(124, 135, 32, 'v')
(125, 0, 377, 'h')
(125, 14, 425, 'h')
(125, 20, 176, 'h')
(125, 29, 146, 'h')
(125, 53, 107, 'h')
(125, 59, 92, 'h')
(125, 66, 268, 'h')
(125, 67, 154, 'h')
(125, 69, 123, 'h')
(125, 72, 265, 'h')
(125, 73, 261, 'h')
(125, 74, 79, 'h')
(125, 76, 258, 'h')
(125, 77, 253, 'h')
(125, 78, 250, 'h')
(125, 86, 61, 'h')
(125, 93, 335, 'h')
(125, 94, 304, 'h')
(125, 95, 152, 'h')
(125, 96, 230, 'h')
(125, 97, 155, 'h')
(125, 99, 227, 'h')
(125, 102, 207, 'h')
(125, 103, 171, 'h')
(125, 104, 204, 'h')
(125, 105, 171, 'h')
(125, 108, 45, 'h')
(125, 112, 326, 'h')
(125, 121, 31, 'h')
(125, 122, 312, 'h')
(125, 123, 15, 'v')
(125, 124, 299, 'v')
(125, 125, 0, 'v')
(125, 126, 293, 'h')
(125, 127, 166, 'h')
(125, 128, 119, 'v')
(125, 129, 4, 'v')
(125, 130, 184, 'h')
(125, 131, 208, 'h')
(125, 133, 232, 'h')
(125, 134, 255, 'h')
(125, 135, 285, 'h')
(125, 136, 124, 'h')
(125, 137, 106, 'h')
(125, 139, 36, 'h')
(125, 140, 65, 'h')
(125, 141, 43, 'h')
(125, 142, 49, 'h')
(126, 0, 210, 'h')
(126, 14, 240, 'h')
(126, 66, 185, 'h')
(126, 72, 184, 'h')
(126, 73, 182, 'h')
(126, 76, 181, 'h')
(126, 77, 180, 'h')
(126, 78, 179, 'h')
(126, 93, 58, 'h')
(126, 94, 89, 'h')
(126, 96, 161, 'h')
(126, 99, 162, 'h')
(126, 112, 47, 'h')
(126, 122, 31, 'h')
(126, 124, 16, 'v')
(126, 126, 0, 'v')
(126, 127, 127, 'v')
(126, 130, 111, 'v')
(126, 131, 89, 'v')
(126, 133, 67, 'v')
(126, 134, 46, 'v')
(126, 135, 18, 'v')
(127, 0, 219, 'h')
(127, 14, 267, 'h')
(127, 66, 110, 'h')
(127, 72, 107, 'h')
(127, 73, 103, 'h')
(127, 76, 100, 'h')
(127, 77, 95, 'h')
(127, 78, 92, 'h')
(127, 93, 177, 'h')
(127, 94, 146, 'h')
(127, 96, 72, 'h')
(127, 99, 69, 'v')
(127, 102, 51, 'v')
(127, 103, 87, 'h')
(127, 104, 52, 'v')
(127, 105, 85, 'h')
(127, 112, 168, 'v')
(127, 122, 154, 'v')
(127, 124, 141, 'v')
(127, 126, 127, 'v')
(127, 127, 0, 'v')
(127, 130, 18, 'v')
(127, 131, 42, 'h')
(127, 133, 66, 'h')
(127, 134, 89, 'h')
(127, 135, 119, 'h')
(128, 20, 271, 'h')
(128, 29, 245, 'h')
(128, 53, 212, 'h')
(128, 59, 199, 'h')
(128, 67, 125, 'h')
(128, 69, 156, 'h')
(128, 74, 188, 'h')
(128, 86, 172, 'h')
(128, 95, 67, 'h')
(128, 97, 62, 'v')
(128, 102, 96, 'h')
(128, 103, 60, 'v')
(128, 104, 93, 'h')
(128, 105, 60, 'v')
(128, 108, 158, 'v')
(128, 112, 215, 'v')
(128, 121, 146, 'v')
(128, 122, 201, 'v')
(128, 123, 132, 'v')
(128, 124, 188, 'v')
(128, 125, 119, 'v')
(128, 127, 47, 'v')
(128, 128, 0, 'v')
(128, 129, 115, 'v')
(128, 136, 9, 'v')
(128, 137, 37, 'h')
(128, 139, 137, 'h')
(128, 140, 116, 'h')
(128, 141, 140, 'h')
(128, 142, 136, 'h')
(129, 20, 180, 'h')
(129, 29, 150, 'h')
(129, 53, 111, 'h')
(129, 59, 96, 'h')
(129, 67, 158, 'h')
(129, 69, 127, 'h')
(129, 74, 83, 'h')
(129, 86, 65, 'h')
(129, 95, 156, 'h')
(129, 97, 159, 'h')
(129, 108, 49, 'h')
(129, 121, 35, 'h')
(129, 123, 19, 'h')
(129, 125, 4, 'v')
(129, 128, 115, 'v')
(129, 129, 0, 'v')
(129, 136, 120, 'v')
(129, 137, 102, 'v')
(129, 139, 32, 'v')
(129, 140, 61, 'h')
(129, 141, 39, 'h')
(129, 142, 45, 'h')
(130, 0, 203, 'h')
(130, 14, 251, 'h')
(130, 66, 94, 'h')
(130, 72, 91, 'h')
(130, 73, 87, 'h')
(130, 76, 84, 'h')
(130, 77, 79, 'h')
(130, 78, 76, 'h')
(130, 93, 161, 'h')
(130, 94, 130, 'h')
(130, 96, 56, 'h')
(130, 99, 53, 'v')
(130, 102, 69, 'v')
(130, 104, 70, 'v')
(130, 112, 152, 'v')
(130, 122, 138, 'v')
(130, 124, 125, 'v')
(130, 126, 111, 'v')
(130, 127, 18, 'v')
(130, 130, 0, 'v')
(130, 131, 24, 'v')
(130, 133, 48, 'h')
(130, 134, 71, 'h')
(130, 135, 101, 'h')
(131, 0, 181, 'v')
(131, 2, 250, 'v')
(131, 3, 231, 'v')
(131, 14, 229, 'v')
(131, 18, 253, 'v')
(131, 19, 247, 'v')
(131, 23, 236, 'v')
(131, 25, 228, 'v')
(131, 26, 220, 'v')
(131, 30, 153, 'v')
(131, 31, 150, 'v')
(131, 34, 146, 'v')
(131, 36, 206, 'v')
(131, 42, 139, 'v')
(131, 50, 194, 'v')
(131, 56, 182, 'v')
(131, 61, 169, 'v')
(131, 66, 100, 'v')
(131, 71, 139, 'v')
(131, 72, 99, 'v')
(131, 73, 97, 'v')
(131, 76, 96, 'v')
(131, 77, 95, 'v')
(131, 78, 94, 'v')
(131, 93, 139, 'h')
(131, 94, 108, 'v')
(131, 96, 76, 'v')
(131, 99, 77, 'v')
(131, 102, 93, 'v')
(131, 104, 94, 'v')
(131, 112, 130, 'v')
(131, 122, 116, 'v')
(131, 124, 103, 'v')
(131, 126, 89, 'v')
(131, 127, 42, 'v')
(131, 130, 24, 'v')
(131, 131, 0, 'v')
(131, 133, 24, 'v')
(131, 134, 47, 'h')
(131, 135, 77, 'h')
(132, 106, 55, 'v')
(132, 132, 0, 'v')
(132, 138, 8, 'v')
(133, 0, 159, 'v')
(133, 2, 228, 'v')
(133, 3, 255, 'v')
(133, 14, 207, 'v')
(133, 18, 231, 'v')
(133, 19, 225, 'v')
(133, 23, 214, 'v')
(133, 25, 206, 'v')
(133, 26, 198, 'v')
(133, 30, 177, 'v')
(133, 31, 174, 'v')
(133, 34, 170, 'v')
(133, 36, 184, 'v')
(133, 42, 163, 'v')
(133, 50, 172, 'v')
(133, 56, 160, 'v')
(133, 61, 147, 'v')
(133, 66, 124, 'v')
(133, 71, 117, 'v')
(133, 72, 123, 'v')
(133, 73, 121, 'v')
(133, 76, 120, 'v')
(133, 77, 119, 'v')
(133, 78, 118, 'v')
(133, 93, 117, 'h')
(133, 94, 86, 'v')
(133, 96, 100, 'v')
(133, 99, 101, 'v')
(133, 102, 117, 'v')
(133, 104, 118, 'v')
(133, 112, 108, 'v')
(133, 122, 94, 'v')
(133, 124, 81, 'v')
(133, 126, 67, 'v')
(133, 127, 66, 'v')
(133, 130, 48, 'v')
(133, 131, 24, 'v')
(133, 133, 0, 'v')
(133, 134, 23, 'v')
(133, 135, 53, 'h')
(134, 0, 172, 'v')
(134, 14, 202, 'v')
(134, 18, 210, 'v')
(134, 19, 204, 'v')
(134, 23, 193, 'v')
(134, 25, 185, 'v')
(134, 26, 177, 'v')
(134, 30, 200, 'v')
(134, 31, 197, 'v')
(134, 34, 193, 'v')
(134, 36, 163, 'v')
(134, 42, 186, 'v')
(134, 50, 151, 'v')
(134, 56, 139, 'v')
(134, 61, 126, 'v')
(134, 66, 147, 'v')
(134, 71, 96, 'v')
(134, 72, 146, 'v')
(134, 73, 144, 'v')
(134, 76, 143, 'v')
(134, 77, 142, 'v')
(134, 78, 141, 'v')
(134, 93, 96, 'h')
(134, 94, 65, 'v')
(134, 96, 123, 'v')
(134, 99, 124, 'v')
(134, 102, 140, 'v')
(134, 104, 141, 'v')
(134, 112, 87, 'v')
(134, 122, 73, 'v')
(134, 124, 60, 'v')
(134, 126, 46, 'v')
(134, 127, 89, 'v')
(134, 130, 71, 'v')
(134, 131, 47, 'v')
(134, 133, 23, 'v')
(134, 134, 0, 'v')
(134, 135, 30, 'v')
(135, 93, 68, 'v')
(135, 94, 81, 'v')
(135, 96, 153, 'v')
(135, 99, 154, 'v')
(135, 102, 170, 'v')
(135, 104, 171, 'v')
(135, 112, 59, 'v')
(135, 122, 45, 'v')
(135, 124, 32, 'v')
(135, 126, 18, 'v')
(135, 127, 119, 'v')
(135, 130, 101, 'v')
(135, 131, 77, 'v')
(135, 133, 53, 'v')
(135, 134, 30, 'v')
(135, 135, 0, 'v')
(136, 20, 276, 'h')
(136, 29, 250, 'h')
(136, 53, 217, 'h')
(136, 59, 204, 'h')
(136, 67, 130, 'h')
(136, 69, 161, 'h')
(136, 74, 193, 'h')
(136, 86, 177, 'h')
(136, 95, 72, 'h')
(136, 97, 67, 'v')
(136, 103, 69, 'v')
(136, 105, 69, 'v')
(136, 108, 163, 'v')
(136, 112, 224, 'v')
(136, 121, 151, 'v')
(136, 122, 210, 'v')
(136, 123, 137, 'v')
(136, 124, 197, 'v')
(136, 125, 124, 'v')
(136, 128, 9, 'v')
(136, 129, 120, 'v')
(136, 136, 0, 'v')
(136, 137, 28, 'v')
(136, 139, 128, 'h')
(136, 140, 107, 'h')
(136, 141, 131, 'h')
(136, 142, 127, 'h')
(137, 4, 239, 'v')
(137, 5, 268, 'v')
(137, 15, 247, 'v')
(137, 16, 216, 'v')
(137, 20, 258, 'v')
(137, 21, 190, 'v')
(137, 27, 167, 'v')
(137, 29, 232, 'v')
(137, 45, 148, 'v')
(137, 53, 199, 'h')
(137, 59, 186, 'h')
(137, 67, 112, 'v')
(137, 69, 143, 'h')
(137, 74, 175, 'v')
(137, 86, 159, 'v')
(137, 95, 78, 'v')
(137, 97, 81, 'v')
(137, 103, 97, 'v')
(137, 105, 97, 'v')
(137, 108, 145, 'v')
(137, 112, 252, 'v')
(137, 121, 133, 'v')
(137, 122, 238, 'v')
(137, 123, 119, 'v')
(137, 124, 225, 'v')
(137, 125, 106, 'v')
(137, 128, 37, 'v')
(137, 129, 102, 'v')
(137, 136, 28, 'v')
(137, 137, 0, 'v')
(137, 139, 100, 'v')
(137, 140, 79, 'v')
(137, 141, 103, 'h')
(137, 142, 99, 'h')
(138, 132, 8, 'v')
(138, 138, 0, 'v')
(139, 20, 202, 'h')
(139, 29, 172, 'h')
(139, 53, 133, 'h')
(139, 59, 118, 'h')
(139, 67, 180, 'h')
(139, 69, 149, 'h')
(139, 74, 105, 'v')
(139, 86, 89, 'v')
(139, 95, 178, 'v')
(139, 97, 181, 'v')
(139, 103, 197, 'v')
(139, 105, 197, 'v')
(139, 108, 75, 'v')
(139, 112, 352, 'v')
(139, 121, 63, 'v')
(139, 122, 338, 'v')
(139, 123, 49, 'v')
(139, 124, 325, 'v')
(139, 125, 36, 'v')
(139, 128, 137, 'v')
(139, 129, 32, 'v')
(139, 136, 128, 'v')
(139, 137, 100, 'v')
(139, 139, 0, 'v')
(139, 140, 29, 'v')
(139, 141, 7, 'v')
(139, 142, 13, 'h')
(140, 15, 236, 'v')
(140, 16, 295, 'v')
(140, 20, 217, 'v')
(140, 21, 269, 'v')
(140, 27, 246, 'v')
(140, 29, 191, 'v')
(140, 46, 164, 'v')
(140, 53, 158, 'v')
(140, 59, 145, 'v')
(140, 62, 130, 'v')
(140, 67, 159, 'h')
(140, 68, 130, 'v')
(140, 69, 128, 'v')
(140, 74, 134, 'v')
(140, 86, 118, 'v')
(140, 95, 157, 'v')
(140, 97, 160, 'v')
(140, 103, 176, 'v')
(140, 105, 176, 'v')
(140, 108, 104, 'v')
(140, 112, 331, 'v')
(140, 121, 92, 'v')
(140, 122, 317, 'v')
(140, 123, 78, 'v')
(140, 124, 304, 'v')
(140, 125, 65, 'v')
(140, 128, 116, 'v')
(140, 129, 61, 'v')
(140, 136, 107, 'v')
(140, 137, 79, 'v')
(140, 139, 29, 'v')
(140, 140, 0, 'v')
(140, 141, 24, 'v')
(140, 142, 20, 'v')
(141, 20, 205, 'h')
(141, 29, 175, 'h')
(141, 53, 136, 'v')
(141, 59, 123, 'v')
(141, 62, 154, 'v')
(141, 68, 154, 'v')
(141, 69, 152, 'v')
(141, 74, 112, 'v')
(141, 86, 96, 'v')
(141, 95, 181, 'v')
(141, 97, 184, 'v')
(141, 103, 200, 'v')
(141, 105, 200, 'v')
(141, 108, 82, 'v')
(141, 112, 355, 'v')
(141, 121, 70, 'v')
(141, 122, 341, 'v')
(141, 123, 56, 'v')
(141, 124, 328, 'v')
(141, 125, 43, 'v')
(141, 128, 140, 'v')
(141, 129, 39, 'v')
(141, 136, 131, 'v')
(141, 137, 103, 'v')
(141, 139, 7, 'v')
(141, 140, 24, 'v')
(141, 141, 0, 'v')
(141, 142, 6, 'v')
(142, 20, 201, 'v')
(142, 21, 289, 'v')
(142, 27, 266, 'v')
(142, 29, 175, 'v')
(142, 46, 184, 'v')
(142, 53, 142, 'v')
(142, 59, 129, 'v')
(142, 62, 150, 'v')
(142, 68, 150, 'v')
(142, 69, 148, 'v')
(142, 74, 118, 'v')
(142, 86, 102, 'v')
(142, 95, 177, 'v')
(142, 97, 180, 'v')
(142, 103, 196, 'v')
(142, 105, 196, 'v')
(142, 108, 88, 'v')
(142, 112, 351, 'v')
(142, 121, 76, 'v')
(142, 122, 337, 'v')
(142, 123, 62, 'v')
(142, 124, 324, 'v')
(142, 125, 49, 'v')
(142, 128, 136, 'v')
(142, 129, 45, 'v')
(142, 136, 127, 'v')
(142, 137, 99, 'v')
(142, 139, 13, 'v')
(142, 140, 20, 'v')
(142, 141, 6, 'v')
(142, 142, 0, 'v')
(143, 143, 0, 'v')
(143, 144, 7, 'v')
(144, 143, 7, 'v')
(144, 144, 0, 'v')
(145, 46, 35, 'h')
(145, 62, 1, 'v')
(145, 68, 1, 'v')
(145, 69, 3, 'h')
(145, 145, 0, 'v')
